[1,   100] loss: 2.803
[1,   200] loss: 2.229
[1,   300] loss: 2.093
[2,   100] loss: 2.000
[2,   200] loss: 1.990
[2,   300] loss: 1.955
[3,   100] loss: 1.920
[3,   200] loss: 1.901
[3,   300] loss: 1.888
[4,   100] loss: 1.867
[4,   200] loss: 1.870
[4,   300] loss: 1.860
[5,   100] loss: 1.832
[5,   200] loss: 1.811
[5,   300] loss: 1.827
[6,   100] loss: 1.812
[6,   200] loss: 1.804
[6,   300] loss: 1.791
[7,   100] loss: 1.788
[7,   200] loss: 1.792
[7,   300] loss: 1.758
[8,   100] loss: 1.790
[8,   200] loss: 1.749
[8,   300] loss: 1.756
[9,   100] loss: 1.731
[9,   200] loss: 1.740
[9,   300] loss: 1.738
[10,   100] loss: 1.738
[10,   200] loss: 1.737
[10,   300] loss: 1.727
[11,   100] loss: 1.712
[11,   200] loss: 1.720
[11,   300] loss: 1.718
[12,   100] loss: 1.729
[12,   200] loss: 1.690
[12,   300] loss: 1.706
[13,   100] loss: 1.684
[13,   200] loss: 1.706
[13,   300] loss: 1.704
[14,   100] loss: 1.706
[14,   200] loss: 1.692
[14,   300] loss: 1.680
[15,   100] loss: 1.686
[15,   200] loss: 1.678
[15,   300] loss: 1.659
[16,   100] loss: 1.664
[16,   200] loss: 1.657
[16,   300] loss: 1.670
[17,   100] loss: 1.655
[17,   200] loss: 1.675
[17,   300] loss: 1.657
[18,   100] loss: 1.651
[18,   200] loss: 1.647
[18,   300] loss: 1.638
[19,   100] loss: 1.654
[19,   200] loss: 1.631
[19,   300] loss: 1.630
[20,   100] loss: 1.653
[20,   200] loss: 1.627
[20,   300] loss: 1.601
[21,   100] loss: 1.622
[21,   200] loss: 1.598
[21,   300] loss: 1.628
[22,   100] loss: 1.611
[22,   200] loss: 1.623
[22,   300] loss: 1.608
[23,   100] loss: 1.614
[23,   200] loss: 1.618
[23,   300] loss: 1.605
[24,   100] loss: 1.601
[24,   200] loss: 1.577
[24,   300] loss: 1.586
[25,   100] loss: 1.612
[25,   200] loss: 1.588
[25,   300] loss: 1.575
[26,   100] loss: 1.602
[26,   200] loss: 1.572
[26,   300] loss: 1.559
[27,   100] loss: 1.566
[27,   200] loss: 1.565
[27,   300] loss: 1.573
[28,   100] loss: 1.575
[28,   200] loss: 1.547
[28,   300] loss: 1.571
[29,   100] loss: 1.555
[29,   200] loss: 1.551
[29,   300] loss: 1.587
[30,   100] loss: 1.555
[30,   200] loss: 1.556
[30,   300] loss: 1.561
[31,   100] loss: 1.540
[31,   200] loss: 1.545
[31,   300] loss: 1.550
[32,   100] loss: 1.534
[32,   200] loss: 1.539
[32,   300] loss: 1.541
[33,   100] loss: 1.517
[33,   200] loss: 1.549
[33,   300] loss: 1.558
[34,   100] loss: 1.539
[34,   200] loss: 1.525
[34,   300] loss: 1.518
[35,   100] loss: 1.532
[35,   200] loss: 1.521
[35,   300] loss: 1.536
[36,   100] loss: 1.515
[36,   200] loss: 1.518
[36,   300] loss: 1.523
[37,   100] loss: 1.513
[37,   200] loss: 1.500
[37,   300] loss: 1.529
[38,   100] loss: 1.500
[38,   200] loss: 1.503
[38,   300] loss: 1.506
[39,   100] loss: 1.496
[39,   200] loss: 1.495
[39,   300] loss: 1.495
[40,   100] loss: 1.517
[40,   200] loss: 1.474
[40,   300] loss: 1.500
[41,   100] loss: 1.492
[41,   200] loss: 1.489
[41,   300] loss: 1.478
[42,   100] loss: 1.490
[42,   200] loss: 1.479
[42,   300] loss: 1.478
[43,   100] loss: 1.468
[43,   200] loss: 1.474
[43,   300] loss: 1.491
[44,   100] loss: 1.474
[44,   200] loss: 1.468
[44,   300] loss: 1.477
[45,   100] loss: 1.458
[45,   200] loss: 1.468
[45,   300] loss: 1.461
[46,   100] loss: 1.472
[46,   200] loss: 1.455
[46,   300] loss: 1.456
[47,   100] loss: 1.464
[47,   200] loss: 1.455
[47,   300] loss: 1.447
[48,   100] loss: 1.451
[48,   200] loss: 1.455
[48,   300] loss: 1.441
[49,   100] loss: 1.446
[49,   200] loss: 1.447
[49,   300] loss: 1.464
[50,   100] loss: 1.440
[50,   200] loss: 1.435
[50,   300] loss: 1.435
[51,   100] loss: 1.448
[51,   200] loss: 1.424
[51,   300] loss: 1.437
[52,   100] loss: 1.431
[52,   200] loss: 1.415
[52,   300] loss: 1.430
[53,   100] loss: 1.421
[53,   200] loss: 1.425
[53,   300] loss: 1.427
[54,   100] loss: 1.404
[54,   200] loss: 1.419
[54,   300] loss: 1.419
[55,   100] loss: 1.403
[55,   200] loss: 1.417
[55,   300] loss: 1.412
[56,   100] loss: 1.410
[56,   200] loss: 1.426
[56,   300] loss: 1.403
[57,   100] loss: 1.394
[57,   200] loss: 1.391
[57,   300] loss: 1.389
[58,   100] loss: 1.391
[58,   200] loss: 1.388
[58,   300] loss: 1.396
[59,   100] loss: 1.399
[59,   200] loss: 1.385
[59,   300] loss: 1.394
[60,   100] loss: 1.385
[60,   200] loss: 1.377
[60,   300] loss: 1.391
[61,   100] loss: 1.374
[61,   200] loss: 1.393
[61,   300] loss: 1.385
[62,   100] loss: 1.381
[62,   200] loss: 1.375
[62,   300] loss: 1.373
[63,   100] loss: 1.398
[63,   200] loss: 1.358
[63,   300] loss: 1.375
[64,   100] loss: 1.377
[64,   200] loss: 1.379
[64,   300] loss: 1.364
[65,   100] loss: 1.347
[65,   200] loss: 1.377
[65,   300] loss: 1.369
[66,   100] loss: 1.357
[66,   200] loss: 1.382
[66,   300] loss: 1.352
[67,   100] loss: 1.354
[67,   200] loss: 1.375
[67,   300] loss: 1.344
[68,   100] loss: 1.339
[68,   200] loss: 1.338
[68,   300] loss: 1.370
[69,   100] loss: 1.355
[69,   200] loss: 1.345
[69,   300] loss: 1.348
[70,   100] loss: 1.343
[70,   200] loss: 1.351
[70,   300] loss: 1.339
[71,   100] loss: 1.340
[71,   200] loss: 1.323
[71,   300] loss: 1.354
[72,   100] loss: 1.323
[72,   200] loss: 1.342
[72,   300] loss: 1.349
[73,   100] loss: 1.346
[73,   200] loss: 1.317
[73,   300] loss: 1.333
[74,   100] loss: 1.341
[74,   200] loss: 1.318
[74,   300] loss: 1.312
[75,   100] loss: 1.328
[75,   200] loss: 1.334
[75,   300] loss: 1.321
[76,   100] loss: 1.327
[76,   200] loss: 1.317
[76,   300] loss: 1.338
[77,   100] loss: 1.308
[77,   200] loss: 1.308
[77,   300] loss: 1.325
[78,   100] loss: 1.301
[78,   200] loss: 1.303
[78,   300] loss: 1.330
[79,   100] loss: 1.321
[79,   200] loss: 1.304
[79,   300] loss: 1.308
[80,   100] loss: 1.302
[80,   200] loss: 1.298
[80,   300] loss: 1.313
[81,   100] loss: 1.304
[81,   200] loss: 1.322
[81,   300] loss: 1.307
[82,   100] loss: 1.312
[82,   200] loss: 1.305
[82,   300] loss: 1.300
[83,   100] loss: 1.292
[83,   200] loss: 1.310
[83,   300] loss: 1.278
[84,   100] loss: 1.294
[84,   200] loss: 1.301
[84,   300] loss: 1.294
[85,   100] loss: 1.288
[85,   200] loss: 1.286
[85,   300] loss: 1.295
[86,   100] loss: 1.291
[86,   200] loss: 1.280
[86,   300] loss: 1.283
[87,   100] loss: 1.272
[87,   200] loss: 1.285
[87,   300] loss: 1.302
[88,   100] loss: 1.290
[88,   200] loss: 1.282
[88,   300] loss: 1.276
[89,   100] loss: 1.280
[89,   200] loss: 1.289
[89,   300] loss: 1.259
[90,   100] loss: 1.258
[90,   200] loss: 1.278
[90,   300] loss: 1.276
[91,   100] loss: 1.276
[91,   200] loss: 1.287
[91,   300] loss: 1.265
[92,   100] loss: 1.260
[92,   200] loss: 1.275
[92,   300] loss: 1.269
[93,   100] loss: 1.269
[93,   200] loss: 1.265
[93,   300] loss: 1.260
[94,   100] loss: 1.268
[94,   200] loss: 1.246
[94,   300] loss: 1.258
[95,   100] loss: 1.282
[95,   200] loss: 1.257
[95,   300] loss: 1.250
[96,   100] loss: 1.274
[96,   200] loss: 1.226
[96,   300] loss: 1.250
[97,   100] loss: 1.247
[97,   200] loss: 1.242
[97,   300] loss: 1.252
[98,   100] loss: 1.252
[98,   200] loss: 1.252
[98,   300] loss: 1.225
[99,   100] loss: 1.246
[99,   200] loss: 1.243
[99,   300] loss: 1.235
[100,   100] loss: 1.233
[100,   200] loss: 1.236
[100,   300] loss: 1.239
[101,   100] loss: 1.257
[101,   200] loss: 1.229
[101,   300] loss: 1.236
[102,   100] loss: 1.239
[102,   200] loss: 1.223
[102,   300] loss: 1.245
[103,   100] loss: 1.212
[103,   200] loss: 1.226
[103,   300] loss: 1.242
[104,   100] loss: 1.240
[104,   200] loss: 1.229
[104,   300] loss: 1.227
[105,   100] loss: 1.211
[105,   200] loss: 1.217
[105,   300] loss: 1.212
[106,   100] loss: 1.242
[106,   200] loss: 1.209
[106,   300] loss: 1.210
[107,   100] loss: 1.201
[107,   200] loss: 1.226
[107,   300] loss: 1.229
[108,   100] loss: 1.217
[108,   200] loss: 1.219
[108,   300] loss: 1.207
[109,   100] loss: 1.223
[109,   200] loss: 1.198
[109,   300] loss: 1.214
[110,   100] loss: 1.211
[110,   200] loss: 1.212
[110,   300] loss: 1.204
[111,   100] loss: 1.193
[111,   200] loss: 1.202
[111,   300] loss: 1.209
[112,   100] loss: 1.203
[112,   200] loss: 1.183
[112,   300] loss: 1.193
[113,   100] loss: 1.192
[113,   200] loss: 1.205
[113,   300] loss: 1.214
[114,   100] loss: 1.184
[114,   200] loss: 1.194
[114,   300] loss: 1.227
[115,   100] loss: 1.196
[115,   200] loss: 1.189
[115,   300] loss: 1.205
[116,   100] loss: 1.196
[116,   200] loss: 1.197
[116,   300] loss: 1.172
[117,   100] loss: 1.184
[117,   200] loss: 1.192
[117,   300] loss: 1.177
[118,   100] loss: 1.171
[118,   200] loss: 1.176
[118,   300] loss: 1.190
[119,   100] loss: 1.187
[119,   200] loss: 1.169
[119,   300] loss: 1.181
[120,   100] loss: 1.176
[120,   200] loss: 1.193
[120,   300] loss: 1.194
[121,   100] loss: 1.170
[121,   200] loss: 1.185
[121,   300] loss: 1.160
[122,   100] loss: 1.175
[122,   200] loss: 1.179
[122,   300] loss: 1.174
[123,   100] loss: 1.167
[123,   200] loss: 1.172
[123,   300] loss: 1.181
[124,   100] loss: 1.190
[124,   200] loss: 1.179
[124,   300] loss: 1.159
[125,   100] loss: 1.171
[125,   200] loss: 1.151
[125,   300] loss: 1.152
[126,   100] loss: 1.159
[126,   200] loss: 1.168
[126,   300] loss: 1.167
[127,   100] loss: 1.172
[127,   200] loss: 1.162
[127,   300] loss: 1.141
[128,   100] loss: 1.165
[128,   200] loss: 1.144
[128,   300] loss: 1.155
[129,   100] loss: 1.160
[129,   200] loss: 1.144
[129,   300] loss: 1.148
[130,   100] loss: 1.160
[130,   200] loss: 1.138
[130,   300] loss: 1.152
[131,   100] loss: 1.147
[131,   200] loss: 1.163
[131,   300] loss: 1.140
[132,   100] loss: 1.150
[132,   200] loss: 1.146
[132,   300] loss: 1.138
[133,   100] loss: 1.158
[133,   200] loss: 1.126
[133,   300] loss: 1.122
[134,   100] loss: 1.124
[134,   200] loss: 1.150
[134,   300] loss: 1.133
[135,   100] loss: 1.136
[135,   200] loss: 1.134
[135,   300] loss: 1.153
[136,   100] loss: 1.120
[136,   200] loss: 1.124
[136,   300] loss: 1.153
[137,   100] loss: 1.125
[137,   200] loss: 1.129
[137,   300] loss: 1.131
[138,   100] loss: 1.125
[138,   200] loss: 1.131
[138,   300] loss: 1.126
[139,   100] loss: 1.127
[139,   200] loss: 1.112
[139,   300] loss: 1.153
[140,   100] loss: 1.135
[140,   200] loss: 1.110
[140,   300] loss: 1.119
[141,   100] loss: 1.147
[141,   200] loss: 1.097
[141,   300] loss: 1.121
[142,   100] loss: 1.119
[142,   200] loss: 1.112
[142,   300] loss: 1.109
[143,   100] loss: 1.111
[143,   200] loss: 1.116
[143,   300] loss: 1.123
[144,   100] loss: 1.127
[144,   200] loss: 1.111
[144,   300] loss: 1.103
[145,   100] loss: 1.094
[145,   200] loss: 1.126
[145,   300] loss: 1.102
[146,   100] loss: 1.111
[146,   200] loss: 1.114
[146,   300] loss: 1.098
[147,   100] loss: 1.091
[147,   200] loss: 1.111
[147,   300] loss: 1.110
[148,   100] loss: 1.096
[148,   200] loss: 1.121
[148,   300] loss: 1.101
[149,   100] loss: 1.097
[149,   200] loss: 1.094
[149,   300] loss: 1.107
[150,   100] loss: 1.099
[150,   200] loss: 1.095
[150,   300] loss: 1.083
[151,   100] loss: 1.084
[151,   200] loss: 1.086
[151,   300] loss: 1.103
[152,   100] loss: 1.091
[152,   200] loss: 1.093
[152,   300] loss: 1.091
[153,   100] loss: 1.088
[153,   200] loss: 1.094
[153,   300] loss: 1.103
[154,   100] loss: 1.102
[154,   200] loss: 1.094
[154,   300] loss: 1.082
[155,   100] loss: 1.091
[155,   200] loss: 1.105
[155,   300] loss: 1.055
[156,   100] loss: 1.094
[156,   200] loss: 1.093
[156,   300] loss: 1.088
[157,   100] loss: 1.058
[157,   200] loss: 1.103
[157,   300] loss: 1.088
[158,   100] loss: 1.059
[158,   200] loss: 1.092
[158,   300] loss: 1.068
[159,   100] loss: 1.090
[159,   200] loss: 1.061
[159,   300] loss: 1.084
[160,   100] loss: 1.061
[160,   200] loss: 1.071
[160,   300] loss: 1.078
[161,   100] loss: 1.068
[161,   200] loss: 1.052
[161,   300] loss: 1.085
[162,   100] loss: 1.089
[162,   200] loss: 1.066
[162,   300] loss: 1.076
[163,   100] loss: 1.059
[163,   200] loss: 1.053
[163,   300] loss: 1.072
[164,   100] loss: 1.062
[164,   200] loss: 1.055
[164,   300] loss: 1.042
[165,   100] loss: 1.054
[165,   200] loss: 1.056
[165,   300] loss: 1.059
[166,   100] loss: 1.067
[166,   200] loss: 1.059
[166,   300] loss: 1.041
[167,   100] loss: 1.062
[167,   200] loss: 1.042
[167,   300] loss: 1.050
[168,   100] loss: 1.058
[168,   200] loss: 1.045
[168,   300] loss: 1.052
[169,   100] loss: 1.063
[169,   200] loss: 1.063
[169,   300] loss: 1.064
[170,   100] loss: 1.050
[170,   200] loss: 1.047
[170,   300] loss: 1.048
[171,   100] loss: 1.053
[171,   200] loss: 1.045
[171,   300] loss: 1.053
[172,   100] loss: 1.044
[172,   200] loss: 1.046
[172,   300] loss: 1.035
[173,   100] loss: 1.047
[173,   200] loss: 1.056
[173,   300] loss: 1.037
[174,   100] loss: 1.041
[174,   200] loss: 1.039
[174,   300] loss: 1.031
[175,   100] loss: 1.037
[175,   200] loss: 1.044
[175,   300] loss: 1.033
[176,   100] loss: 1.027
[176,   200] loss: 1.036
[176,   300] loss: 1.032
[177,   100] loss: 1.029
[177,   200] loss: 1.034
[177,   300] loss: 1.030
[178,   100] loss: 1.043
[178,   200] loss: 1.032
[178,   300] loss: 1.030
[179,   100] loss: 1.046
[179,   200] loss: 1.027
[179,   300] loss: 1.025
[180,   100] loss: 1.032
[180,   200] loss: 1.041
[180,   300] loss: 1.007
[181,   100] loss: 1.013
[181,   200] loss: 1.042
[181,   300] loss: 1.023
[182,   100] loss: 0.997
[182,   200] loss: 1.038
[182,   300] loss: 1.033
[183,   100] loss: 1.021
[183,   200] loss: 1.018
[183,   300] loss: 1.023
[184,   100] loss: 1.031
[184,   200] loss: 1.007
[184,   300] loss: 1.018
[185,   100] loss: 1.007
[185,   200] loss: 1.023
[185,   300] loss: 1.019
[186,   100] loss: 1.007
[186,   200] loss: 1.022
[186,   300] loss: 0.996
[187,   100] loss: 1.007
[187,   200] loss: 1.007
[187,   300] loss: 1.002
[188,   100] loss: 1.010
[188,   200] loss: 1.002
[188,   300] loss: 1.000
[189,   100] loss: 1.001
[189,   200] loss: 1.017
[189,   300] loss: 1.002
[190,   100] loss: 1.006
[190,   200] loss: 0.991
[190,   300] loss: 1.011
[191,   100] loss: 1.018
[191,   200] loss: 0.980
[191,   300] loss: 0.993
[192,   100] loss: 1.010
[192,   200] loss: 0.998
[192,   300] loss: 0.998
[193,   100] loss: 0.985
[193,   200] loss: 1.003
[193,   300] loss: 0.989
[194,   100] loss: 0.994
[194,   200] loss: 0.997
[194,   300] loss: 0.989
[195,   100] loss: 0.996
[195,   200] loss: 0.988
[195,   300] loss: 1.004
[196,   100] loss: 0.983
[196,   200] loss: 0.990
[196,   300] loss: 0.987
[197,   100] loss: 0.980
[197,   200] loss: 0.982
[197,   300] loss: 1.000
[198,   100] loss: 0.993
[198,   200] loss: 0.990
[198,   300] loss: 0.981
[199,   100] loss: 0.971
[199,   200] loss: 0.999
[199,   300] loss: 0.996
[200,   100] loss: 0.979
[200,   200] loss: 0.985
[200,   300] loss: 0.983
Finished Training