[1,   100] loss: 3.752
[1,   200] loss: 3.742
[1,   300] loss: 3.732
[2,   100] loss: 3.711
[2,   200] loss: 3.684
[2,   300] loss: 3.655
[3,   100] loss: 3.609
[3,   200] loss: 3.574
[3,   300] loss: 3.547
[4,   100] loss: 3.525
[4,   200] loss: 3.528
[4,   300] loss: 3.518
[5,   100] loss: 3.508
[5,   200] loss: 3.505
[5,   300] loss: 3.512
[6,   100] loss: 3.500
[6,   200] loss: 3.495
[6,   300] loss: 3.493
[7,   100] loss: 3.498
[7,   200] loss: 3.482
[7,   300] loss: 3.479
[8,   100] loss: 3.479
[8,   200] loss: 3.471
[8,   300] loss: 3.480
[9,   100] loss: 3.471
[9,   200] loss: 3.469
[9,   300] loss: 3.461
[10,   100] loss: 3.459
[10,   200] loss: 3.452
[10,   300] loss: 3.449
[11,   100] loss: 3.442
[11,   200] loss: 3.444
[11,   300] loss: 3.438
[12,   100] loss: 3.417
[12,   200] loss: 3.430
[12,   300] loss: 3.415
[13,   100] loss: 3.410
[13,   200] loss: 3.388
[13,   300] loss: 3.390
[14,   100] loss: 3.377
[14,   200] loss: 3.366
[14,   300] loss: 3.342
[15,   100] loss: 3.334
[15,   200] loss: 3.313
[15,   300] loss: 3.291
[16,   100] loss: 3.279
[16,   200] loss: 3.250
[16,   300] loss: 3.227
[17,   100] loss: 3.208
[17,   200] loss: 3.177
[17,   300] loss: 3.145
[18,   100] loss: 3.122
[18,   200] loss: 3.085
[18,   300] loss: 3.081
[19,   100] loss: 3.036
[19,   200] loss: 3.007
[19,   300] loss: 2.983
[20,   100] loss: 2.967
[20,   200] loss: 2.907
[20,   300] loss: 2.898
[21,   100] loss: 2.882
[21,   200] loss: 2.845
[21,   300] loss: 2.805
[22,   100] loss: 2.785
[22,   200] loss: 2.768
[22,   300] loss: 2.725
[23,   100] loss: 2.708
[23,   200] loss: 2.683
[23,   300] loss: 2.686
[24,   100] loss: 2.637
[24,   200] loss: 2.622
[24,   300] loss: 2.617
[25,   100] loss: 2.586
[25,   200] loss: 2.576
[25,   300] loss: 2.526
[26,   100] loss: 2.510
[26,   200] loss: 2.503
[26,   300] loss: 2.487
[27,   100] loss: 2.458
[27,   200] loss: 2.435
[27,   300] loss: 2.442
[28,   100] loss: 2.419
[28,   200] loss: 2.379
[28,   300] loss: 2.374
[29,   100] loss: 2.355
[29,   200] loss: 2.322
[29,   300] loss: 2.334
[30,   100] loss: 2.304
[30,   200] loss: 2.319
[30,   300] loss: 2.253
[31,   100] loss: 2.265
[31,   200] loss: 2.243
[31,   300] loss: 2.227
[32,   100] loss: 2.201
[32,   200] loss: 2.205
[32,   300] loss: 2.167
[33,   100] loss: 2.174
[33,   200] loss: 2.150
[33,   300] loss: 2.145
[34,   100] loss: 2.117
[34,   200] loss: 2.114
[34,   300] loss: 2.106
[35,   100] loss: 2.091
[35,   200] loss: 2.076
[35,   300] loss: 2.042
[36,   100] loss: 2.044
[36,   200] loss: 2.045
[36,   300] loss: 2.024
[37,   100] loss: 2.003
[37,   200] loss: 2.003
[37,   300] loss: 1.985
[38,   100] loss: 1.983
[38,   200] loss: 1.965
[38,   300] loss: 1.961
[39,   100] loss: 1.930
[39,   200] loss: 1.937
[39,   300] loss: 1.906
[40,   100] loss: 1.912
[40,   200] loss: 1.897
[40,   300] loss: 1.890
[41,   100] loss: 1.874
[41,   200] loss: 1.870
[41,   300] loss: 1.852
[42,   100] loss: 1.845
[42,   200] loss: 1.834
[42,   300] loss: 1.828
[43,   100] loss: 1.804
[43,   200] loss: 1.807
[43,   300] loss: 1.803
[44,   100] loss: 1.777
[44,   200] loss: 1.799
[44,   300] loss: 1.762
[45,   100] loss: 1.766
[45,   200] loss: 1.762
[45,   300] loss: 1.752
[46,   100] loss: 1.734
[46,   200] loss: 1.733
[46,   300] loss: 1.713
[47,   100] loss: 1.725
[47,   200] loss: 1.684
[47,   300] loss: 1.695
[48,   100] loss: 1.676
[48,   200] loss: 1.680
[48,   300] loss: 1.675
[49,   100] loss: 1.662
[49,   200] loss: 1.667
[49,   300] loss: 1.640
[50,   100] loss: 1.613
[50,   200] loss: 1.629
[50,   300] loss: 1.620
[51,   100] loss: 1.606
[51,   200] loss: 1.591
[51,   300] loss: 1.579
[52,   100] loss: 1.600
[52,   200] loss: 1.574
[52,   300] loss: 1.575
[53,   100] loss: 1.554
[53,   200] loss: 1.555
[53,   300] loss: 1.546
[54,   100] loss: 1.543
[54,   200] loss: 1.515
[54,   300] loss: 1.547
[55,   100] loss: 1.516
[55,   200] loss: 1.528
[55,   300] loss: 1.503
[56,   100] loss: 1.488
[56,   200] loss: 1.489
[56,   300] loss: 1.480
[57,   100] loss: 1.467
[57,   200] loss: 1.476
[57,   300] loss: 1.455
[58,   100] loss: 1.476
[58,   200] loss: 1.451
[58,   300] loss: 1.442
[59,   100] loss: 1.435
[59,   200] loss: 1.412
[59,   300] loss: 1.412
[60,   100] loss: 1.396
[60,   200] loss: 1.404
[60,   300] loss: 1.409
[61,   100] loss: 1.384
[61,   200] loss: 1.387
[61,   300] loss: 1.381
[62,   100] loss: 1.347
[62,   200] loss: 1.359
[62,   300] loss: 1.352
[63,   100] loss: 1.354
[63,   200] loss: 1.327
[63,   300] loss: 1.339
[64,   100] loss: 1.352
[64,   200] loss: 1.333
[64,   300] loss: 1.318
[65,   100] loss: 1.315
[65,   200] loss: 1.273
[65,   300] loss: 1.322
[66,   100] loss: 1.307
[66,   200] loss: 1.260
[66,   300] loss: 1.275
[67,   100] loss: 1.279
[67,   200] loss: 1.248
[67,   300] loss: 1.255
[68,   100] loss: 1.257
[68,   200] loss: 1.248
[68,   300] loss: 1.240
[69,   100] loss: 1.245
[69,   200] loss: 1.253
[69,   300] loss: 1.217
[70,   100] loss: 1.209
[70,   200] loss: 1.217
[70,   300] loss: 1.219
[71,   100] loss: 1.195
[71,   200] loss: 1.216
[71,   300] loss: 1.188
[72,   100] loss: 1.174
[72,   200] loss: 1.196
[72,   300] loss: 1.188
[73,   100] loss: 1.162
[73,   200] loss: 1.172
[73,   300] loss: 1.175
[74,   100] loss: 1.169
[74,   200] loss: 1.141
[74,   300] loss: 1.153
[75,   100] loss: 1.153
[75,   200] loss: 1.149
[75,   300] loss: 1.131
[76,   100] loss: 1.131
[76,   200] loss: 1.118
[76,   300] loss: 1.125
[77,   100] loss: 1.091
[77,   200] loss: 1.120
[77,   300] loss: 1.116
[78,   100] loss: 1.105
[78,   200] loss: 1.091
[78,   300] loss: 1.101
[79,   100] loss: 1.076
[79,   200] loss: 1.087
[79,   300] loss: 1.087
[80,   100] loss: 1.066
[80,   200] loss: 1.073
[80,   300] loss: 1.056
[81,   100] loss: 1.066
[81,   200] loss: 1.049
[81,   300] loss: 1.049
[82,   100] loss: 1.037
[82,   200] loss: 1.054
[82,   300] loss: 1.020
[83,   100] loss: 1.037
[83,   200] loss: 1.032
[83,   300] loss: 1.016
[84,   100] loss: 1.023
[84,   200] loss: 1.015
[84,   300] loss: 0.994
[85,   100] loss: 0.989
[85,   200] loss: 1.022
[85,   300] loss: 1.007
[86,   100] loss: 0.998
[86,   200] loss: 0.984
[86,   300] loss: 0.971
[87,   100] loss: 1.005
[87,   200] loss: 0.983
[87,   300] loss: 0.964
[88,   100] loss: 0.969
[88,   200] loss: 0.974
[88,   300] loss: 0.971
[89,   100] loss: 0.962
[89,   200] loss: 0.961
[89,   300] loss: 0.950
[90,   100] loss: 0.969
[90,   200] loss: 0.948
[90,   300] loss: 0.933
[91,   100] loss: 0.941
[91,   200] loss: 0.920
[91,   300] loss: 0.936
[92,   100] loss: 0.900
[92,   200] loss: 0.940
[92,   300] loss: 0.925
[93,   100] loss: 0.892
[93,   200] loss: 0.939
[93,   300] loss: 0.915
[94,   100] loss: 0.880
[94,   200] loss: 0.913
[94,   300] loss: 0.906
[95,   100] loss: 0.938
[95,   200] loss: 0.884
[95,   300] loss: 0.863
[96,   100] loss: 0.872
[96,   200] loss: 0.875
[96,   300] loss: 0.884
[97,   100] loss: 0.891
[97,   200] loss: 0.847
[97,   300] loss: 0.854
[98,   100] loss: 0.874
[98,   200] loss: 0.852
[98,   300] loss: 0.835
[99,   100] loss: 0.867
[99,   200] loss: 0.844
[99,   300] loss: 0.840
[100,   100] loss: 0.842
[100,   200] loss: 0.851
[100,   300] loss: 0.834
[101,   100] loss: 0.822
[101,   200] loss: 0.818
[101,   300] loss: 0.830
[102,   100] loss: 0.835
[102,   200] loss: 0.841
[102,   300] loss: 0.816
[103,   100] loss: 0.815
[103,   200] loss: 0.820
[103,   300] loss: 0.828
[104,   100] loss: 0.809
[104,   200] loss: 0.789
[104,   300] loss: 0.830
[105,   100] loss: 0.813
[105,   200] loss: 0.797
[105,   300] loss: 0.804
[106,   100] loss: 0.794
[106,   200] loss: 0.773
[106,   300] loss: 0.781
[107,   100] loss: 0.772
[107,   200] loss: 0.789
[107,   300] loss: 0.778
[108,   100] loss: 0.770
[108,   200] loss: 0.790
[108,   300] loss: 0.763
[109,   100] loss: 0.748
[109,   200] loss: 0.756
[109,   300] loss: 0.761
[110,   100] loss: 0.752
[110,   200] loss: 0.730
[110,   300] loss: 0.743
[111,   100] loss: 0.728
[111,   200] loss: 0.739
[111,   300] loss: 0.743
[112,   100] loss: 0.728
[112,   200] loss: 0.722
[112,   300] loss: 0.737
[113,   100] loss: 0.731
[113,   200] loss: 0.721
[113,   300] loss: 0.712
[114,   100] loss: 0.728
[114,   200] loss: 0.718
[114,   300] loss: 0.716
[115,   100] loss: 0.697
[115,   200] loss: 0.702
[115,   300] loss: 0.708
[116,   100] loss: 0.699
[116,   200] loss: 0.707
[116,   300] loss: 0.689
[117,   100] loss: 0.701
[117,   200] loss: 0.685
[117,   300] loss: 0.688
[118,   100] loss: 0.664
[118,   200] loss: 0.692
[118,   300] loss: 0.690
[119,   100] loss: 0.688
[119,   200] loss: 0.698
[119,   300] loss: 0.678
[120,   100] loss: 0.699
[120,   200] loss: 0.660
[120,   300] loss: 0.673
[121,   100] loss: 0.658
[121,   200] loss: 0.678
[121,   300] loss: 0.665
[122,   100] loss: 0.655
[122,   200] loss: 0.656
[122,   300] loss: 0.652
[123,   100] loss: 0.665
[123,   200] loss: 0.659
[123,   300] loss: 0.655
[124,   100] loss: 0.646
[124,   200] loss: 0.652
[124,   300] loss: 0.652
[125,   100] loss: 0.648
[125,   200] loss: 0.624
[125,   300] loss: 0.646
[126,   100] loss: 0.636
[126,   200] loss: 0.646
[126,   300] loss: 0.647
[127,   100] loss: 0.649
[127,   200] loss: 0.621
[127,   300] loss: 0.623
[128,   100] loss: 0.640
[128,   200] loss: 0.626
[128,   300] loss: 0.620
[129,   100] loss: 0.623
[129,   200] loss: 0.616
[129,   300] loss: 0.621
[130,   100] loss: 0.622
[130,   200] loss: 0.625
[130,   300] loss: 0.623
[131,   100] loss: 0.614
[131,   200] loss: 0.606
[131,   300] loss: 0.620
[132,   100] loss: 0.619
[132,   200] loss: 0.611
[132,   300] loss: 0.598
[133,   100] loss: 0.600
[133,   200] loss: 0.597
[133,   300] loss: 0.611
[134,   100] loss: 0.605
[134,   200] loss: 0.609
[134,   300] loss: 0.600
[135,   100] loss: 0.594
[135,   200] loss: 0.612
[135,   300] loss: 0.591
[136,   100] loss: 0.601
[136,   200] loss: 0.600
[136,   300] loss: 0.578
[137,   100] loss: 0.602
[137,   200] loss: 0.604
[137,   300] loss: 0.599
[138,   100] loss: 0.589
[138,   200] loss: 0.572
[138,   300] loss: 0.609
[139,   100] loss: 0.583
[139,   200] loss: 0.575
[139,   300] loss: 0.587
[140,   100] loss: 0.580
[140,   200] loss: 0.567
[140,   300] loss: 0.573
[141,   100] loss: 0.591
[141,   200] loss: 0.579
[141,   300] loss: 0.562
[142,   100] loss: 0.566
[142,   200] loss: 0.578
[142,   300] loss: 0.561
[143,   100] loss: 0.574
[143,   200] loss: 0.552
[143,   300] loss: 0.569
[144,   100] loss: 0.559
[144,   200] loss: 0.556
[144,   300] loss: 0.553
[145,   100] loss: 0.545
[145,   200] loss: 0.557
[145,   300] loss: 0.556
[146,   100] loss: 0.555
[146,   200] loss: 0.540
[146,   300] loss: 0.560
[147,   100] loss: 0.552
[147,   200] loss: 0.566
[147,   300] loss: 0.547
[148,   100] loss: 0.545
[148,   200] loss: 0.535
[148,   300] loss: 0.551
[149,   100] loss: 0.545
[149,   200] loss: 0.527
[149,   300] loss: 0.527
[150,   100] loss: 0.534
[150,   200] loss: 0.534
[150,   300] loss: 0.524
[151,   100] loss: 0.531
[151,   200] loss: 0.513
[151,   300] loss: 0.525
[152,   100] loss: 0.528
[152,   200] loss: 0.503
[152,   300] loss: 0.529
[153,   100] loss: 0.506
[153,   200] loss: 0.519
[153,   300] loss: 0.512
[154,   100] loss: 0.509
[154,   200] loss: 0.531
[154,   300] loss: 0.516
[155,   100] loss: 0.506
[155,   200] loss: 0.489
[155,   300] loss: 0.521
[156,   100] loss: 0.515
[156,   200] loss: 0.487
[156,   300] loss: 0.519
[157,   100] loss: 0.512
[157,   200] loss: 0.518
[157,   300] loss: 0.494
[158,   100] loss: 0.514
[158,   200] loss: 0.502
[158,   300] loss: 0.491
[159,   100] loss: 0.495
[159,   200] loss: 0.496
[159,   300] loss: 0.495
[160,   100] loss: 0.509
[160,   200] loss: 0.489
[160,   300] loss: 0.476
[161,   100] loss: 0.491
[161,   200] loss: 0.496
[161,   300] loss: 0.491
[162,   100] loss: 0.485
[162,   200] loss: 0.488
[162,   300] loss: 0.485
[163,   100] loss: 0.488
[163,   200] loss: 0.473
[163,   300] loss: 0.489
[164,   100] loss: 0.483
[164,   200] loss: 0.487
[164,   300] loss: 0.472
[165,   100] loss: 0.494
[165,   200] loss: 0.473
[165,   300] loss: 0.472
[166,   100] loss: 0.473
[166,   200] loss: 0.486
[166,   300] loss: 0.474
[167,   100] loss: 0.478
[167,   200] loss: 0.479
[167,   300] loss: 0.469
[168,   100] loss: 0.470
[168,   200] loss: 0.475
[168,   300] loss: 0.488
[169,   100] loss: 0.463
[169,   200] loss: 0.469
[169,   300] loss: 0.467
[170,   100] loss: 0.471
[170,   200] loss: 0.474
[170,   300] loss: 0.461
[171,   100] loss: 0.461
[171,   200] loss: 0.461
[171,   300] loss: 0.454
[172,   100] loss: 0.446
[172,   200] loss: 0.442
[172,   300] loss: 0.476
[173,   100] loss: 0.458
[173,   200] loss: 0.444
[173,   300] loss: 0.460
[174,   100] loss: 0.449
[174,   200] loss: 0.457
[174,   300] loss: 0.451
[175,   100] loss: 0.461
[175,   200] loss: 0.468
[175,   300] loss: 0.456
[176,   100] loss: 0.443
[176,   200] loss: 0.446
[176,   300] loss: 0.444
[177,   100] loss: 0.447
[177,   200] loss: 0.467
[177,   300] loss: 0.437
[178,   100] loss: 0.454
[178,   200] loss: 0.454
[178,   300] loss: 0.439
[179,   100] loss: 0.434
[179,   200] loss: 0.428
[179,   300] loss: 0.444
[180,   100] loss: 0.437
[180,   200] loss: 0.444
[180,   300] loss: 0.439
[181,   100] loss: 0.434
[181,   200] loss: 0.436
[181,   300] loss: 0.448
[182,   100] loss: 0.433
[182,   200] loss: 0.435
[182,   300] loss: 0.443
[183,   100] loss: 0.428
[183,   200] loss: 0.422
[183,   300] loss: 0.444
[184,   100] loss: 0.405
[184,   200] loss: 0.447
[184,   300] loss: 0.449
[185,   100] loss: 0.421
[185,   200] loss: 0.447
[185,   300] loss: 0.436
[186,   100] loss: 0.441
[186,   200] loss: 0.422
[186,   300] loss: 0.444
[187,   100] loss: 0.428
[187,   200] loss: 0.424
[187,   300] loss: 0.432
[188,   100] loss: 0.414
[188,   200] loss: 0.426
[188,   300] loss: 0.422
[189,   100] loss: 0.415
[189,   200] loss: 0.430
[189,   300] loss: 0.420
[190,   100] loss: 0.435
[190,   200] loss: 0.417
[190,   300] loss: 0.444
[191,   100] loss: 0.416
[191,   200] loss: 0.429
[191,   300] loss: 0.408
[192,   100] loss: 0.425
[192,   200] loss: 0.414
[192,   300] loss: 0.410
[193,   100] loss: 0.414
[193,   200] loss: 0.432
[193,   300] loss: 0.424
[194,   100] loss: 0.422
[194,   200] loss: 0.417
[194,   300] loss: 0.417
[195,   100] loss: 0.407
[195,   200] loss: 0.416
[195,   300] loss: 0.414
[196,   100] loss: 0.417
[196,   200] loss: 0.418
[196,   300] loss: 0.413
[197,   100] loss: 0.396
[197,   200] loss: 0.410
[197,   300] loss: 0.428
[198,   100] loss: 0.404
[198,   200] loss: 0.400
[198,   300] loss: 0.406
[199,   100] loss: 0.405
[199,   200] loss: 0.389
[199,   300] loss: 0.398
[200,   100] loss: 0.400
[200,   200] loss: 0.390
[200,   300] loss: 0.416
Finished Training