[1,   100] loss: 3.684
[1,   200] loss: 3.521
[1,   300] loss: 3.481
[2,   100] loss: 3.448
[2,   200] loss: 3.420
[2,   300] loss: 3.358
[3,   100] loss: 3.188
[3,   200] loss: 2.937
[3,   300] loss: 2.706
[4,   100] loss: 2.521
[4,   200] loss: 2.356
[4,   300] loss: 2.234
[5,   100] loss: 2.063
[5,   200] loss: 1.988
[5,   300] loss: 1.890
[6,   100] loss: 1.808
[6,   200] loss: 1.710
[6,   300] loss: 1.601
[7,   100] loss: 1.573
[7,   200] loss: 1.472
[7,   300] loss: 1.424
[8,   100] loss: 1.350
[8,   200] loss: 1.294
[8,   300] loss: 1.278
[9,   100] loss: 1.218
[9,   200] loss: 1.175
[9,   300] loss: 1.105
[10,   100] loss: 1.089
[10,   200] loss: 1.066
[10,   300] loss: 1.025
[11,   100] loss: 0.967
[11,   200] loss: 0.949
[11,   300] loss: 0.938
[12,   100] loss: 0.890
[12,   200] loss: 0.835
[12,   300] loss: 0.815
[13,   100] loss: 0.783
[13,   200] loss: 0.776
[13,   300] loss: 0.743
[14,   100] loss: 0.723
[14,   200] loss: 0.692
[14,   300] loss: 0.697
[15,   100] loss: 0.649
[15,   200] loss: 0.662
[15,   300] loss: 0.628
[16,   100] loss: 0.596
[16,   200] loss: 0.582
[16,   300] loss: 0.584
[17,   100] loss: 0.577
[17,   200] loss: 0.536
[17,   300] loss: 0.523
[18,   100] loss: 0.551
[18,   200] loss: 0.518
[18,   300] loss: 0.505
[19,   100] loss: 0.489
[19,   200] loss: 0.505
[19,   300] loss: 0.481
[20,   100] loss: 0.469
[20,   200] loss: 0.453
[20,   300] loss: 0.465
[21,   100] loss: 0.456
[21,   200] loss: 0.432
[21,   300] loss: 0.439
[22,   100] loss: 0.423
[22,   200] loss: 0.405
[22,   300] loss: 0.405
[23,   100] loss: 0.396
[23,   200] loss: 0.395
[23,   300] loss: 0.391
[24,   100] loss: 0.386
[24,   200] loss: 0.364
[24,   300] loss: 0.357
[25,   100] loss: 0.361
[25,   200] loss: 0.354
[25,   300] loss: 0.370
[26,   100] loss: 0.349
[26,   200] loss: 0.328
[26,   300] loss: 0.352
[27,   100] loss: 0.352
[27,   200] loss: 0.329
[27,   300] loss: 0.336
[28,   100] loss: 0.339
[28,   200] loss: 0.325
[28,   300] loss: 0.324
[29,   100] loss: 0.313
[29,   200] loss: 0.318
[29,   300] loss: 0.306
[30,   100] loss: 0.305
[30,   200] loss: 0.318
[30,   300] loss: 0.311
[31,   100] loss: 0.310
[31,   200] loss: 0.295
[31,   300] loss: 0.280
[32,   100] loss: 0.280
[32,   200] loss: 0.277
[32,   300] loss: 0.291
[33,   100] loss: 0.272
[33,   200] loss: 0.307
[33,   300] loss: 0.290
[34,   100] loss: 0.278
[34,   200] loss: 0.281
[34,   300] loss: 0.266
[35,   100] loss: 0.255
[35,   200] loss: 0.259
[35,   300] loss: 0.268
[36,   100] loss: 0.259
[36,   200] loss: 0.262
[36,   300] loss: 0.266
[37,   100] loss: 0.245
[37,   200] loss: 0.254
[37,   300] loss: 0.242
[38,   100] loss: 0.254
[38,   200] loss: 0.241
[38,   300] loss: 0.245
[39,   100] loss: 0.235
[39,   200] loss: 0.251
[39,   300] loss: 0.231
[40,   100] loss: 0.221
[40,   200] loss: 0.236
[40,   300] loss: 0.226
[41,   100] loss: 0.233
[41,   200] loss: 0.217
[41,   300] loss: 0.227
[42,   100] loss: 0.234
[42,   200] loss: 0.209
[42,   300] loss: 0.227
[43,   100] loss: 0.221
[43,   200] loss: 0.216
[43,   300] loss: 0.209
[44,   100] loss: 0.206
[44,   200] loss: 0.220
[44,   300] loss: 0.207
[45,   100] loss: 0.214
[45,   200] loss: 0.210
[45,   300] loss: 0.211
[46,   100] loss: 0.199
[46,   200] loss: 0.212
[46,   300] loss: 0.201
[47,   100] loss: 0.205
[47,   200] loss: 0.194
[47,   300] loss: 0.202
[48,   100] loss: 0.193
[48,   200] loss: 0.193
[48,   300] loss: 0.190
[49,   100] loss: 0.197
[49,   200] loss: 0.190
[49,   300] loss: 0.189
[50,   100] loss: 0.191
[50,   200] loss: 0.187
[50,   300] loss: 0.192
[51,   100] loss: 0.185
[51,   200] loss: 0.186
[51,   300] loss: 0.190
[52,   100] loss: 0.182
[52,   200] loss: 0.188
[52,   300] loss: 0.177
[53,   100] loss: 0.179
[53,   200] loss: 0.184
[53,   300] loss: 0.174
[54,   100] loss: 0.177
[54,   200] loss: 0.179
[54,   300] loss: 0.177
[55,   100] loss: 0.177
[55,   200] loss: 0.177
[55,   300] loss: 0.175
[56,   100] loss: 0.168
[56,   200] loss: 0.173
[56,   300] loss: 0.169
[57,   100] loss: 0.170
[57,   200] loss: 0.167
[57,   300] loss: 0.171
[58,   100] loss: 0.177
[58,   200] loss: 0.162
[58,   300] loss: 0.171
[59,   100] loss: 0.163
[59,   200] loss: 0.161
[59,   300] loss: 0.168
[60,   100] loss: 0.165
[60,   200] loss: 0.161
[60,   300] loss: 0.154
[61,   100] loss: 0.166
[61,   200] loss: 0.157
[61,   300] loss: 0.163
[62,   100] loss: 0.157
[62,   200] loss: 0.165
[62,   300] loss: 0.150
[63,   100] loss: 0.139
[63,   200] loss: 0.160
[63,   300] loss: 0.159
[64,   100] loss: 0.131
[64,   200] loss: 0.145
[64,   300] loss: 0.152
[65,   100] loss: 0.140
[65,   200] loss: 0.147
[65,   300] loss: 0.150
[66,   100] loss: 0.132
[66,   200] loss: 0.149
[66,   300] loss: 0.150
[67,   100] loss: 0.137
[67,   200] loss: 0.143
[67,   300] loss: 0.135
[68,   100] loss: 0.141
[68,   200] loss: 0.150
[68,   300] loss: 0.150
[69,   100] loss: 0.138
[69,   200] loss: 0.139
[69,   300] loss: 0.140
[70,   100] loss: 0.148
[70,   200] loss: 0.145
[70,   300] loss: 0.130
[71,   100] loss: 0.138
[71,   200] loss: 0.142
[71,   300] loss: 0.130
[72,   100] loss: 0.136
[72,   200] loss: 0.134
[72,   300] loss: 0.138
[73,   100] loss: 0.137
[73,   200] loss: 0.131
[73,   300] loss: 0.136
[74,   100] loss: 0.134
[74,   200] loss: 0.136
[74,   300] loss: 0.135
[75,   100] loss: 0.138
[75,   200] loss: 0.141
[75,   300] loss: 0.125
[76,   100] loss: 0.130
[76,   200] loss: 0.130
[76,   300] loss: 0.135
[77,   100] loss: 0.116
[77,   200] loss: 0.134
[77,   300] loss: 0.123
[78,   100] loss: 0.120
[78,   200] loss: 0.128
[78,   300] loss: 0.123
[79,   100] loss: 0.125
[79,   200] loss: 0.122
[79,   300] loss: 0.119
[80,   100] loss: 0.129
[80,   200] loss: 0.120
[80,   300] loss: 0.126
[81,   100] loss: 0.118
[81,   200] loss: 0.127
[81,   300] loss: 0.128
[82,   100] loss: 0.126
[82,   200] loss: 0.117
[82,   300] loss: 0.116
[83,   100] loss: 0.120
[83,   200] loss: 0.117
[83,   300] loss: 0.112
[84,   100] loss: 0.103
[84,   200] loss: 0.120
[84,   300] loss: 0.107
[85,   100] loss: 0.109
[85,   200] loss: 0.126
[85,   300] loss: 0.114
[86,   100] loss: 0.111
[86,   200] loss: 0.111
[86,   300] loss: 0.117
[87,   100] loss: 0.110
[87,   200] loss: 0.116
[87,   300] loss: 0.119
[88,   100] loss: 0.115
[88,   200] loss: 0.117
[88,   300] loss: 0.107
[89,   100] loss: 0.110
[89,   200] loss: 0.103
[89,   300] loss: 0.109
[90,   100] loss: 0.117
[90,   200] loss: 0.112
[90,   300] loss: 0.107
[91,   100] loss: 0.114
[91,   200] loss: 0.112
[91,   300] loss: 0.103
[92,   100] loss: 0.101
[92,   200] loss: 0.103
[92,   300] loss: 0.106
[93,   100] loss: 0.101
[93,   200] loss: 0.110
[93,   300] loss: 0.103
[94,   100] loss: 0.105
[94,   200] loss: 0.106
[94,   300] loss: 0.098
[95,   100] loss: 0.116
[95,   200] loss: 0.092
[95,   300] loss: 0.101
[96,   100] loss: 0.108
[96,   200] loss: 0.100
[96,   300] loss: 0.103
[97,   100] loss: 0.097
[97,   200] loss: 0.114
[97,   300] loss: 0.107
[98,   100] loss: 0.101
[98,   200] loss: 0.109
[98,   300] loss: 0.107
[99,   100] loss: 0.109
[99,   200] loss: 0.102
[99,   300] loss: 0.102
[100,   100] loss: 0.105
[100,   200] loss: 0.095
[100,   300] loss: 0.097
[101,   100] loss: 0.103
[101,   200] loss: 0.108
[101,   300] loss: 0.101
[102,   100] loss: 0.093
[102,   200] loss: 0.103
[102,   300] loss: 0.095
[103,   100] loss: 0.099
[103,   200] loss: 0.104
[103,   300] loss: 0.094
[104,   100] loss: 0.095
[104,   200] loss: 0.098
[104,   300] loss: 0.100
[105,   100] loss: 0.099
[105,   200] loss: 0.105
[105,   300] loss: 0.091
[106,   100] loss: 0.096
[106,   200] loss: 0.094
[106,   300] loss: 0.093
[107,   100] loss: 0.092
[107,   200] loss: 0.096
[107,   300] loss: 0.090
[108,   100] loss: 0.092
[108,   200] loss: 0.092
[108,   300] loss: 0.095
[109,   100] loss: 0.091
[109,   200] loss: 0.091
[109,   300] loss: 0.099
[110,   100] loss: 0.106
[110,   200] loss: 0.096
[110,   300] loss: 0.087
[111,   100] loss: 0.092
[111,   200] loss: 0.090
[111,   300] loss: 0.094
[112,   100] loss: 0.084
[112,   200] loss: 0.093
[112,   300] loss: 0.084
[113,   100] loss: 0.101
[113,   200] loss: 0.091
[113,   300] loss: 0.091
[114,   100] loss: 0.100
[114,   200] loss: 0.090
[114,   300] loss: 0.087
[115,   100] loss: 0.088
[115,   200] loss: 0.095
[115,   300] loss: 0.089
[116,   100] loss: 0.086
[116,   200] loss: 0.092
[116,   300] loss: 0.082
[117,   100] loss: 0.081
[117,   200] loss: 0.094
[117,   300] loss: 0.087
[118,   100] loss: 0.091
[118,   200] loss: 0.087
[118,   300] loss: 0.079
[119,   100] loss: 0.083
[119,   200] loss: 0.090
[119,   300] loss: 0.098
[120,   100] loss: 0.093
[120,   200] loss: 0.085
[120,   300] loss: 0.093
[121,   100] loss: 0.083
[121,   200] loss: 0.079
[121,   300] loss: 0.085
[122,   100] loss: 0.088
[122,   200] loss: 0.088
[122,   300] loss: 0.081
[123,   100] loss: 0.079
[123,   200] loss: 0.085
[123,   300] loss: 0.082
[124,   100] loss: 0.079
[124,   200] loss: 0.086
[124,   300] loss: 0.083
[125,   100] loss: 0.082
[125,   200] loss: 0.081
[125,   300] loss: 0.082
[126,   100] loss: 0.083
[126,   200] loss: 0.088
[126,   300] loss: 0.080
[127,   100] loss: 0.083
[127,   200] loss: 0.087
[127,   300] loss: 0.079
[128,   100] loss: 0.084
[128,   200] loss: 0.084
[128,   300] loss: 0.086
[129,   100] loss: 0.081
[129,   200] loss: 0.080
[129,   300] loss: 0.078
[130,   100] loss: 0.083
[130,   200] loss: 0.076
[130,   300] loss: 0.081
[131,   100] loss: 0.084
[131,   200] loss: 0.084
[131,   300] loss: 0.082
[132,   100] loss: 0.076
[132,   200] loss: 0.083
[132,   300] loss: 0.084
[133,   100] loss: 0.079
[133,   200] loss: 0.077
[133,   300] loss: 0.084
[134,   100] loss: 0.073
[134,   200] loss: 0.072
[134,   300] loss: 0.081
[135,   100] loss: 0.079
[135,   200] loss: 0.085
[135,   300] loss: 0.075
[136,   100] loss: 0.067
[136,   200] loss: 0.077
[136,   300] loss: 0.078
[137,   100] loss: 0.075
[137,   200] loss: 0.084
[137,   300] loss: 0.078
[138,   100] loss: 0.067
[138,   200] loss: 0.078
[138,   300] loss: 0.080
[139,   100] loss: 0.074
[139,   200] loss: 0.067
[139,   300] loss: 0.083
[140,   100] loss: 0.076
[140,   200] loss: 0.076
[140,   300] loss: 0.068
[141,   100] loss: 0.079
[141,   200] loss: 0.073
[141,   300] loss: 0.076
[142,   100] loss: 0.077
[142,   200] loss: 0.075
[142,   300] loss: 0.079
[143,   100] loss: 0.072
[143,   200] loss: 0.070
[143,   300] loss: 0.073
[144,   100] loss: 0.072
[144,   200] loss: 0.067
[144,   300] loss: 0.071
[145,   100] loss: 0.067
[145,   200] loss: 0.073
[145,   300] loss: 0.077
[146,   100] loss: 0.073
[146,   200] loss: 0.071
[146,   300] loss: 0.069
[147,   100] loss: 0.074
[147,   200] loss: 0.067
[147,   300] loss: 0.068
[148,   100] loss: 0.077
[148,   200] loss: 0.067
[148,   300] loss: 0.073
[149,   100] loss: 0.074
[149,   200] loss: 0.071
[149,   300] loss: 0.078
[150,   100] loss: 0.071
[150,   200] loss: 0.073
[150,   300] loss: 0.072
[151,   100] loss: 0.074
[151,   200] loss: 0.065
[151,   300] loss: 0.070
[152,   100] loss: 0.066
[152,   200] loss: 0.070
[152,   300] loss: 0.075
[153,   100] loss: 0.075
[153,   200] loss: 0.070
[153,   300] loss: 0.074
[154,   100] loss: 0.073
[154,   200] loss: 0.061
[154,   300] loss: 0.062
[155,   100] loss: 0.068
[155,   200] loss: 0.066
[155,   300] loss: 0.072
[156,   100] loss: 0.067
[156,   200] loss: 0.069
[156,   300] loss: 0.062
[157,   100] loss: 0.071
[157,   200] loss: 0.062
[157,   300] loss: 0.073
[158,   100] loss: 0.066
[158,   200] loss: 0.064
[158,   300] loss: 0.071
[159,   100] loss: 0.070
[159,   200] loss: 0.068
[159,   300] loss: 0.059
[160,   100] loss: 0.062
[160,   200] loss: 0.068
[160,   300] loss: 0.067
[161,   100] loss: 0.072
[161,   200] loss: 0.066
[161,   300] loss: 0.066
[162,   100] loss: 0.066
[162,   200] loss: 0.061
[162,   300] loss: 0.069
[163,   100] loss: 0.070
[163,   200] loss: 0.065
[163,   300] loss: 0.061
[164,   100] loss: 0.069
[164,   200] loss: 0.065
[164,   300] loss: 0.065
[165,   100] loss: 0.062
[165,   200] loss: 0.070
[165,   300] loss: 0.059
[166,   100] loss: 0.067
[166,   200] loss: 0.065
[166,   300] loss: 0.064
[167,   100] loss: 0.067
[167,   200] loss: 0.067
[167,   300] loss: 0.055
[168,   100] loss: 0.064
[168,   200] loss: 0.059
[168,   300] loss: 0.062
[169,   100] loss: 0.064
[169,   200] loss: 0.065
[169,   300] loss: 0.066
[170,   100] loss: 0.067
[170,   200] loss: 0.066
[170,   300] loss: 0.061
[171,   100] loss: 0.069
[171,   200] loss: 0.067
[171,   300] loss: 0.065
[172,   100] loss: 0.058
[172,   200] loss: 0.061
[172,   300] loss: 0.064
[173,   100] loss: 0.062
[173,   200] loss: 0.062
[173,   300] loss: 0.066
[174,   100] loss: 0.066
[174,   200] loss: 0.066
[174,   300] loss: 0.057
[175,   100] loss: 0.060
[175,   200] loss: 0.056
[175,   300] loss: 0.059
[176,   100] loss: 0.056
[176,   200] loss: 0.064
[176,   300] loss: 0.067
[177,   100] loss: 0.061
[177,   200] loss: 0.062
[177,   300] loss: 0.056
[178,   100] loss: 0.060
[178,   200] loss: 0.060
[178,   300] loss: 0.058
[179,   100] loss: 0.057
[179,   200] loss: 0.058
[179,   300] loss: 0.061
[180,   100] loss: 0.055
[180,   200] loss: 0.060
[180,   300] loss: 0.064
[181,   100] loss: 0.063
[181,   200] loss: 0.062
[181,   300] loss: 0.064
[182,   100] loss: 0.054
[182,   200] loss: 0.067
[182,   300] loss: 0.050
[183,   100] loss: 0.059
[183,   200] loss: 0.053
[183,   300] loss: 0.057
[184,   100] loss: 0.064
[184,   200] loss: 0.055
[184,   300] loss: 0.063
[185,   100] loss: 0.058
[185,   200] loss: 0.059
[185,   300] loss: 0.055
[186,   100] loss: 0.062
[186,   200] loss: 0.060
[186,   300] loss: 0.056
[187,   100] loss: 0.058
[187,   200] loss: 0.062
[187,   300] loss: 0.056
[188,   100] loss: 0.061
[188,   200] loss: 0.050
[188,   300] loss: 0.058
[189,   100] loss: 0.056
[189,   200] loss: 0.056
[189,   300] loss: 0.059
[190,   100] loss: 0.056
[190,   200] loss: 0.051
[190,   300] loss: 0.065
[191,   100] loss: 0.060
[191,   200] loss: 0.061
[191,   300] loss: 0.055
[192,   100] loss: 0.055
[192,   200] loss: 0.053
[192,   300] loss: 0.053
[193,   100] loss: 0.051
[193,   200] loss: 0.057
[193,   300] loss: 0.060
[194,   100] loss: 0.054
[194,   200] loss: 0.057
[194,   300] loss: 0.057
[195,   100] loss: 0.050
[195,   200] loss: 0.056
[195,   300] loss: 0.057
[196,   100] loss: 0.052
[196,   200] loss: 0.050
[196,   300] loss: 0.054
[197,   100] loss: 0.051
[197,   200] loss: 0.056
[197,   300] loss: 0.057
[198,   100] loss: 0.051
[198,   200] loss: 0.052
[198,   300] loss: 0.056
[199,   100] loss: 0.062
[199,   200] loss: 0.051
[199,   300] loss: 0.051
[200,   100] loss: 0.055
[200,   200] loss: 0.048
[200,   300] loss: 0.055
Finished Training