[1,   100] loss: 2.946
[1,   200] loss: 2.244
[1,   300] loss: 1.873
[2,   100] loss: 1.582
[2,   200] loss: 1.370
[2,   300] loss: 1.200
[3,   100] loss: 1.059
[3,   200] loss: 0.963
[3,   300] loss: 0.856
[4,   100] loss: 0.776
[4,   200] loss: 0.712
[4,   300] loss: 0.685
[5,   100] loss: 0.637
[5,   200] loss: 0.592
[5,   300] loss: 0.541
[6,   100] loss: 0.515
[6,   200] loss: 0.492
[6,   300] loss: 0.486
[7,   100] loss: 0.438
[7,   200] loss: 0.422
[7,   300] loss: 0.427
[8,   100] loss: 0.401
[8,   200] loss: 0.390
[8,   300] loss: 0.373
[9,   100] loss: 0.356
[9,   200] loss: 0.337
[9,   300] loss: 0.349
[10,   100] loss: 0.319
[10,   200] loss: 0.330
[10,   300] loss: 0.311
[11,   100] loss: 0.301
[11,   200] loss: 0.292
[11,   300] loss: 0.293
[12,   100] loss: 0.277
[12,   200] loss: 0.270
[12,   300] loss: 0.270
[13,   100] loss: 0.255
[13,   200] loss: 0.259
[13,   300] loss: 0.238
[14,   100] loss: 0.239
[14,   200] loss: 0.254
[14,   300] loss: 0.245
[15,   100] loss: 0.233
[15,   200] loss: 0.222
[15,   300] loss: 0.218
[16,   100] loss: 0.221
[16,   200] loss: 0.229
[16,   300] loss: 0.213
[17,   100] loss: 0.217
[17,   200] loss: 0.202
[17,   300] loss: 0.208
[18,   100] loss: 0.206
[18,   200] loss: 0.201
[18,   300] loss: 0.206
[19,   100] loss: 0.190
[19,   200] loss: 0.190
[19,   300] loss: 0.175
[20,   100] loss: 0.184
[20,   200] loss: 0.183
[20,   300] loss: 0.184
[21,   100] loss: 0.173
[21,   200] loss: 0.183
[21,   300] loss: 0.165
[22,   100] loss: 0.173
[22,   200] loss: 0.178
[22,   300] loss: 0.167
[23,   100] loss: 0.162
[23,   200] loss: 0.165
[23,   300] loss: 0.179
[24,   100] loss: 0.164
[24,   200] loss: 0.161
[24,   300] loss: 0.162
[25,   100] loss: 0.160
[25,   200] loss: 0.156
[25,   300] loss: 0.156
[26,   100] loss: 0.151
[26,   200] loss: 0.147
[26,   300] loss: 0.142
[27,   100] loss: 0.142
[27,   200] loss: 0.145
[27,   300] loss: 0.159
[28,   100] loss: 0.136
[28,   200] loss: 0.138
[28,   300] loss: 0.140
[29,   100] loss: 0.145
[29,   200] loss: 0.131
[29,   300] loss: 0.136
[30,   100] loss: 0.139
[30,   200] loss: 0.138
[30,   300] loss: 0.138
[31,   100] loss: 0.141
[31,   200] loss: 0.126
[31,   300] loss: 0.126
[32,   100] loss: 0.132
[32,   200] loss: 0.135
[32,   300] loss: 0.119
[33,   100] loss: 0.125
[33,   200] loss: 0.123
[33,   300] loss: 0.126
[34,   100] loss: 0.128
[34,   200] loss: 0.127
[34,   300] loss: 0.122
[35,   100] loss: 0.126
[35,   200] loss: 0.113
[35,   300] loss: 0.118
[36,   100] loss: 0.123
[36,   200] loss: 0.114
[36,   300] loss: 0.118
[37,   100] loss: 0.115
[37,   200] loss: 0.106
[37,   300] loss: 0.115
[38,   100] loss: 0.117
[38,   200] loss: 0.117
[38,   300] loss: 0.117
[39,   100] loss: 0.114
[39,   200] loss: 0.111
[39,   300] loss: 0.104
[40,   100] loss: 0.103
[40,   200] loss: 0.103
[40,   300] loss: 0.110
[41,   100] loss: 0.112
[41,   200] loss: 0.108
[41,   300] loss: 0.106
[42,   100] loss: 0.111
[42,   200] loss: 0.100
[42,   300] loss: 0.104
[43,   100] loss: 0.106
[43,   200] loss: 0.104
[43,   300] loss: 0.105
[44,   100] loss: 0.107
[44,   200] loss: 0.108
[44,   300] loss: 0.105
[45,   100] loss: 0.111
[45,   200] loss: 0.098
[45,   300] loss: 0.095
[46,   100] loss: 0.100
[46,   200] loss: 0.092
[46,   300] loss: 0.097
[47,   100] loss: 0.105
[47,   200] loss: 0.100
[47,   300] loss: 0.096
[48,   100] loss: 0.095
[48,   200] loss: 0.092
[48,   300] loss: 0.093
[49,   100] loss: 0.099
[49,   200] loss: 0.089
[49,   300] loss: 0.090
[50,   100] loss: 0.097
[50,   200] loss: 0.089
[50,   300] loss: 0.093
[51,   100] loss: 0.099
[51,   200] loss: 0.099
[51,   300] loss: 0.090
[52,   100] loss: 0.098
[52,   200] loss: 0.088
[52,   300] loss: 0.084
[53,   100] loss: 0.091
[53,   200] loss: 0.091
[53,   300] loss: 0.088
[54,   100] loss: 0.085
[54,   200] loss: 0.092
[54,   300] loss: 0.087
[55,   100] loss: 0.088
[55,   200] loss: 0.085
[55,   300] loss: 0.087
[56,   100] loss: 0.080
[56,   200] loss: 0.089
[56,   300] loss: 0.081
[57,   100] loss: 0.086
[57,   200] loss: 0.085
[57,   300] loss: 0.091
[58,   100] loss: 0.088
[58,   200] loss: 0.080
[58,   300] loss: 0.085
[59,   100] loss: 0.088
[59,   200] loss: 0.074
[59,   300] loss: 0.072
[60,   100] loss: 0.080
[60,   200] loss: 0.078
[60,   300] loss: 0.083
[61,   100] loss: 0.088
[61,   200] loss: 0.082
[61,   300] loss: 0.078
[62,   100] loss: 0.072
[62,   200] loss: 0.074
[62,   300] loss: 0.080
[63,   100] loss: 0.087
[63,   200] loss: 0.075
[63,   300] loss: 0.075
[64,   100] loss: 0.075
[64,   200] loss: 0.080
[64,   300] loss: 0.074
[65,   100] loss: 0.077
[65,   200] loss: 0.074
[65,   300] loss: 0.087
[66,   100] loss: 0.078
[66,   200] loss: 0.075
[66,   300] loss: 0.074
[67,   100] loss: 0.075
[67,   200] loss: 0.073
[67,   300] loss: 0.080
[68,   100] loss: 0.072
[68,   200] loss: 0.073
[68,   300] loss: 0.072
[69,   100] loss: 0.070
[69,   200] loss: 0.068
[69,   300] loss: 0.075
[70,   100] loss: 0.073
[70,   200] loss: 0.072
[70,   300] loss: 0.072
[71,   100] loss: 0.083
[71,   200] loss: 0.079
[71,   300] loss: 0.069
[72,   100] loss: 0.072
[72,   200] loss: 0.069
[72,   300] loss: 0.073
[73,   100] loss: 0.074
[73,   200] loss: 0.074
[73,   300] loss: 0.072
[74,   100] loss: 0.061
[74,   200] loss: 0.069
[74,   300] loss: 0.069
[75,   100] loss: 0.072
[75,   200] loss: 0.067
[75,   300] loss: 0.070
[76,   100] loss: 0.066
[76,   200] loss: 0.070
[76,   300] loss: 0.067
[77,   100] loss: 0.065
[77,   200] loss: 0.065
[77,   300] loss: 0.062
[78,   100] loss: 0.066
[78,   200] loss: 0.069
[78,   300] loss: 0.069
[79,   100] loss: 0.061
[79,   200] loss: 0.067
[79,   300] loss: 0.068
[80,   100] loss: 0.066
[80,   200] loss: 0.063
[80,   300] loss: 0.069
[81,   100] loss: 0.065
[81,   200] loss: 0.066
[81,   300] loss: 0.070
[82,   100] loss: 0.063
[82,   200] loss: 0.069
[82,   300] loss: 0.059
[83,   100] loss: 0.060
[83,   200] loss: 0.067
[83,   300] loss: 0.064
[84,   100] loss: 0.066
[84,   200] loss: 0.065
[84,   300] loss: 0.066
[85,   100] loss: 0.068
[85,   200] loss: 0.059
[85,   300] loss: 0.067
[86,   100] loss: 0.063
[86,   200] loss: 0.060
[86,   300] loss: 0.059
[87,   100] loss: 0.065
[87,   200] loss: 0.062
[87,   300] loss: 0.066
[88,   100] loss: 0.058
[88,   200] loss: 0.056
[88,   300] loss: 0.058
[89,   100] loss: 0.056
[89,   200] loss: 0.057
[89,   300] loss: 0.061
[90,   100] loss: 0.060
[90,   200] loss: 0.062
[90,   300] loss: 0.053
[91,   100] loss: 0.058
[91,   200] loss: 0.060
[91,   300] loss: 0.059
[92,   100] loss: 0.062
[92,   200] loss: 0.060
[92,   300] loss: 0.057
[93,   100] loss: 0.061
[93,   200] loss: 0.054
[93,   300] loss: 0.058
[94,   100] loss: 0.064
[94,   200] loss: 0.065
[94,   300] loss: 0.053
[95,   100] loss: 0.055
[95,   200] loss: 0.057
[95,   300] loss: 0.057
[96,   100] loss: 0.060
[96,   200] loss: 0.063
[96,   300] loss: 0.057
[97,   100] loss: 0.062
[97,   200] loss: 0.055
[97,   300] loss: 0.055
[98,   100] loss: 0.057
[98,   200] loss: 0.059
[98,   300] loss: 0.055
[99,   100] loss: 0.051
[99,   200] loss: 0.059
[99,   300] loss: 0.058
[100,   100] loss: 0.061
[100,   200] loss: 0.053
[100,   300] loss: 0.056
[101,   100] loss: 0.049
[101,   200] loss: 0.060
[101,   300] loss: 0.056
[102,   100] loss: 0.062
[102,   200] loss: 0.056
[102,   300] loss: 0.060
[103,   100] loss: 0.056
[103,   200] loss: 0.053
[103,   300] loss: 0.055
[104,   100] loss: 0.052
[104,   200] loss: 0.050
[104,   300] loss: 0.052
[105,   100] loss: 0.052
[105,   200] loss: 0.056
[105,   300] loss: 0.057
[106,   100] loss: 0.052
[106,   200] loss: 0.054
[106,   300] loss: 0.053
[107,   100] loss: 0.049
[107,   200] loss: 0.056
[107,   300] loss: 0.056
[108,   100] loss: 0.053
[108,   200] loss: 0.052
[108,   300] loss: 0.057
[109,   100] loss: 0.054
[109,   200] loss: 0.051
[109,   300] loss: 0.052
[110,   100] loss: 0.050
[110,   200] loss: 0.054
[110,   300] loss: 0.052
[111,   100] loss: 0.052
[111,   200] loss: 0.051
[111,   300] loss: 0.054
[112,   100] loss: 0.052
[112,   200] loss: 0.050
[112,   300] loss: 0.056
[113,   100] loss: 0.049
[113,   200] loss: 0.054
[113,   300] loss: 0.052
[114,   100] loss: 0.050
[114,   200] loss: 0.054
[114,   300] loss: 0.052
[115,   100] loss: 0.053
[115,   200] loss: 0.051
[115,   300] loss: 0.051
[116,   100] loss: 0.053
[116,   200] loss: 0.045
[116,   300] loss: 0.048
[117,   100] loss: 0.042
[117,   200] loss: 0.055
[117,   300] loss: 0.043
[118,   100] loss: 0.049
[118,   200] loss: 0.053
[118,   300] loss: 0.039
[119,   100] loss: 0.045
[119,   200] loss: 0.050
[119,   300] loss: 0.054
[120,   100] loss: 0.045
[120,   200] loss: 0.053
[120,   300] loss: 0.049
[121,   100] loss: 0.046
[121,   200] loss: 0.045
[121,   300] loss: 0.048
[122,   100] loss: 0.045
[122,   200] loss: 0.047
[122,   300] loss: 0.051
[123,   100] loss: 0.046
[123,   200] loss: 0.048
[123,   300] loss: 0.048
[124,   100] loss: 0.048
[124,   200] loss: 0.048
[124,   300] loss: 0.045
[125,   100] loss: 0.041
[125,   200] loss: 0.048
[125,   300] loss: 0.045
[126,   100] loss: 0.046
[126,   200] loss: 0.045
[126,   300] loss: 0.048
[127,   100] loss: 0.047
[127,   200] loss: 0.051
[127,   300] loss: 0.042
[128,   100] loss: 0.041
[128,   200] loss: 0.045
[128,   300] loss: 0.050
[129,   100] loss: 0.048
[129,   200] loss: 0.047
[129,   300] loss: 0.044
[130,   100] loss: 0.047
[130,   200] loss: 0.045
[130,   300] loss: 0.044
[131,   100] loss: 0.043
[131,   200] loss: 0.043
[131,   300] loss: 0.043
[132,   100] loss: 0.050
[132,   200] loss: 0.045
[132,   300] loss: 0.049
[133,   100] loss: 0.050
[133,   200] loss: 0.046
[133,   300] loss: 0.043
[134,   100] loss: 0.043
[134,   200] loss: 0.044
[134,   300] loss: 0.042
[135,   100] loss: 0.047
[135,   200] loss: 0.043
[135,   300] loss: 0.040
[136,   100] loss: 0.044
[136,   200] loss: 0.043
[136,   300] loss: 0.042
[137,   100] loss: 0.041
[137,   200] loss: 0.046
[137,   300] loss: 0.045
[138,   100] loss: 0.045
[138,   200] loss: 0.045
[138,   300] loss: 0.041
[139,   100] loss: 0.045
[139,   200] loss: 0.043
[139,   300] loss: 0.045
[140,   100] loss: 0.038
[140,   200] loss: 0.048
[140,   300] loss: 0.047
[141,   100] loss: 0.048
[141,   200] loss: 0.043
[141,   300] loss: 0.046
[142,   100] loss: 0.043
[142,   200] loss: 0.038
[142,   300] loss: 0.038
[143,   100] loss: 0.044
[143,   200] loss: 0.038
[143,   300] loss: 0.045
[144,   100] loss: 0.048
[144,   200] loss: 0.040
[144,   300] loss: 0.046
[145,   100] loss: 0.044
[145,   200] loss: 0.039
[145,   300] loss: 0.042
[146,   100] loss: 0.035
[146,   200] loss: 0.043
[146,   300] loss: 0.042
[147,   100] loss: 0.037
[147,   200] loss: 0.042
[147,   300] loss: 0.039
[148,   100] loss: 0.047
[148,   200] loss: 0.039
[148,   300] loss: 0.041
[149,   100] loss: 0.037
[149,   200] loss: 0.040
[149,   300] loss: 0.039
[150,   100] loss: 0.040
[150,   200] loss: 0.041
[150,   300] loss: 0.036
[151,   100] loss: 0.037
[151,   200] loss: 0.039
[151,   300] loss: 0.044
[152,   100] loss: 0.039
[152,   200] loss: 0.037
[152,   300] loss: 0.040
[153,   100] loss: 0.043
[153,   200] loss: 0.038
[153,   300] loss: 0.041
[154,   100] loss: 0.041
[154,   200] loss: 0.040
[154,   300] loss: 0.041
[155,   100] loss: 0.042
[155,   200] loss: 0.040
[155,   300] loss: 0.036
[156,   100] loss: 0.036
[156,   200] loss: 0.040
[156,   300] loss: 0.041
[157,   100] loss: 0.044
[157,   200] loss: 0.037
[157,   300] loss: 0.041
[158,   100] loss: 0.038
[158,   200] loss: 0.040
[158,   300] loss: 0.042
[159,   100] loss: 0.036
[159,   200] loss: 0.038
[159,   300] loss: 0.045
[160,   100] loss: 0.039
[160,   200] loss: 0.037
[160,   300] loss: 0.034
[161,   100] loss: 0.041
[161,   200] loss: 0.036
[161,   300] loss: 0.036
[162,   100] loss: 0.040
[162,   200] loss: 0.041
[162,   300] loss: 0.044
[163,   100] loss: 0.037
[163,   200] loss: 0.038
[163,   300] loss: 0.037
[164,   100] loss: 0.037
[164,   200] loss: 0.038
[164,   300] loss: 0.040
[165,   100] loss: 0.035
[165,   200] loss: 0.037
[165,   300] loss: 0.037
[166,   100] loss: 0.041
[166,   200] loss: 0.043
[166,   300] loss: 0.034
[167,   100] loss: 0.040
[167,   200] loss: 0.038
[167,   300] loss: 0.038
[168,   100] loss: 0.033
[168,   200] loss: 0.034
[168,   300] loss: 0.036
[169,   100] loss: 0.038
[169,   200] loss: 0.035
[169,   300] loss: 0.033
[170,   100] loss: 0.039
[170,   200] loss: 0.038
[170,   300] loss: 0.035
[171,   100] loss: 0.038
[171,   200] loss: 0.036
[171,   300] loss: 0.036
[172,   100] loss: 0.035
[172,   200] loss: 0.037
[172,   300] loss: 0.035
[173,   100] loss: 0.038
[173,   200] loss: 0.038
[173,   300] loss: 0.040
[174,   100] loss: 0.038
[174,   200] loss: 0.038
[174,   300] loss: 0.038
[175,   100] loss: 0.036
[175,   200] loss: 0.034
[175,   300] loss: 0.037
[176,   100] loss: 0.037
[176,   200] loss: 0.038
[176,   300] loss: 0.037
[177,   100] loss: 0.036
[177,   200] loss: 0.044
[177,   300] loss: 0.038
[178,   100] loss: 0.037
[178,   200] loss: 0.041
[178,   300] loss: 0.036
[179,   100] loss: 0.035
[179,   200] loss: 0.037
[179,   300] loss: 0.034
[180,   100] loss: 0.036
[180,   200] loss: 0.040
[180,   300] loss: 0.034
[181,   100] loss: 0.034
[181,   200] loss: 0.036
[181,   300] loss: 0.033
[182,   100] loss: 0.034
[182,   200] loss: 0.035
[182,   300] loss: 0.039
[183,   100] loss: 0.035
[183,   200] loss: 0.035
[183,   300] loss: 0.034
[184,   100] loss: 0.034
[184,   200] loss: 0.036
[184,   300] loss: 0.036
[185,   100] loss: 0.034
[185,   200] loss: 0.035
[185,   300] loss: 0.039
[186,   100] loss: 0.031
[186,   200] loss: 0.032
[186,   300] loss: 0.039
[187,   100] loss: 0.038
[187,   200] loss: 0.031
[187,   300] loss: 0.033
[188,   100] loss: 0.032
[188,   200] loss: 0.030
[188,   300] loss: 0.034
[189,   100] loss: 0.040
[189,   200] loss: 0.035
[189,   300] loss: 0.034
[190,   100] loss: 0.033
[190,   200] loss: 0.032
[190,   300] loss: 0.037
[191,   100] loss: 0.035
[191,   200] loss: 0.029
[191,   300] loss: 0.035
[192,   100] loss: 0.032
[192,   200] loss: 0.034
[192,   300] loss: 0.034
[193,   100] loss: 0.034
[193,   200] loss: 0.035
[193,   300] loss: 0.032
[194,   100] loss: 0.033
[194,   200] loss: 0.031
[194,   300] loss: 0.033
[195,   100] loss: 0.033
[195,   200] loss: 0.034
[195,   300] loss: 0.035
[196,   100] loss: 0.030
[196,   200] loss: 0.032
[196,   300] loss: 0.035
[197,   100] loss: 0.041
[197,   200] loss: 0.031
[197,   300] loss: 0.031
[198,   100] loss: 0.036
[198,   200] loss: 0.031
[198,   300] loss: 0.030
[199,   100] loss: 0.037
[199,   200] loss: 0.032
[199,   300] loss: 0.031
[200,   100] loss: 0.033
[200,   200] loss: 0.030
[200,   300] loss: 0.032
Finished Training