[1,   100] loss: 2.937
[1,   200] loss: 2.207
[1,   300] loss: 1.841
[2,   100] loss: 1.562
[2,   200] loss: 1.353
[2,   300] loss: 1.174
[3,   100] loss: 1.062
[3,   200] loss: 0.956
[3,   300] loss: 0.858
[4,   100] loss: 0.801
[4,   200] loss: 0.728
[4,   300] loss: 0.662
[5,   100] loss: 0.632
[5,   200] loss: 0.578
[5,   300] loss: 0.563
[6,   100] loss: 0.511
[6,   200] loss: 0.508
[6,   300] loss: 0.477
[7,   100] loss: 0.462
[7,   200] loss: 0.427
[7,   300] loss: 0.417
[8,   100] loss: 0.402
[8,   200] loss: 0.374
[8,   300] loss: 0.367
[9,   100] loss: 0.356
[9,   200] loss: 0.346
[9,   300] loss: 0.338
[10,   100] loss: 0.314
[10,   200] loss: 0.309
[10,   300] loss: 0.307
[11,   100] loss: 0.295
[11,   200] loss: 0.292
[11,   300] loss: 0.291
[12,   100] loss: 0.277
[12,   200] loss: 0.269
[12,   300] loss: 0.274
[13,   100] loss: 0.249
[13,   200] loss: 0.250
[13,   300] loss: 0.246
[14,   100] loss: 0.252
[14,   200] loss: 0.238
[14,   300] loss: 0.226
[15,   100] loss: 0.232
[15,   200] loss: 0.243
[15,   300] loss: 0.217
[16,   100] loss: 0.242
[16,   200] loss: 0.205
[16,   300] loss: 0.220
[17,   100] loss: 0.210
[17,   200] loss: 0.202
[17,   300] loss: 0.198
[18,   100] loss: 0.210
[18,   200] loss: 0.205
[18,   300] loss: 0.195
[19,   100] loss: 0.195
[19,   200] loss: 0.197
[19,   300] loss: 0.188
[20,   100] loss: 0.187
[20,   200] loss: 0.183
[20,   300] loss: 0.174
[21,   100] loss: 0.164
[21,   200] loss: 0.185
[21,   300] loss: 0.170
[22,   100] loss: 0.180
[22,   200] loss: 0.170
[22,   300] loss: 0.163
[23,   100] loss: 0.165
[23,   200] loss: 0.177
[23,   300] loss: 0.154
[24,   100] loss: 0.166
[24,   200] loss: 0.166
[24,   300] loss: 0.161
[25,   100] loss: 0.156
[25,   200] loss: 0.160
[25,   300] loss: 0.151
[26,   100] loss: 0.145
[26,   200] loss: 0.150
[26,   300] loss: 0.146
[27,   100] loss: 0.148
[27,   200] loss: 0.149
[27,   300] loss: 0.146
[28,   100] loss: 0.142
[28,   200] loss: 0.145
[28,   300] loss: 0.143
[29,   100] loss: 0.134
[29,   200] loss: 0.133
[29,   300] loss: 0.142
[30,   100] loss: 0.134
[30,   200] loss: 0.133
[30,   300] loss: 0.139
[31,   100] loss: 0.136
[31,   200] loss: 0.136
[31,   300] loss: 0.130
[32,   100] loss: 0.133
[32,   200] loss: 0.131
[32,   300] loss: 0.126
[33,   100] loss: 0.133
[33,   200] loss: 0.126
[33,   300] loss: 0.121
[34,   100] loss: 0.120
[34,   200] loss: 0.125
[34,   300] loss: 0.121
[35,   100] loss: 0.121
[35,   200] loss: 0.118
[35,   300] loss: 0.122
[36,   100] loss: 0.118
[36,   200] loss: 0.117
[36,   300] loss: 0.127
[37,   100] loss: 0.117
[37,   200] loss: 0.115
[37,   300] loss: 0.114
[38,   100] loss: 0.121
[38,   200] loss: 0.117
[38,   300] loss: 0.112
[39,   100] loss: 0.106
[39,   200] loss: 0.102
[39,   300] loss: 0.115
[40,   100] loss: 0.116
[40,   200] loss: 0.110
[40,   300] loss: 0.112
[41,   100] loss: 0.107
[41,   200] loss: 0.102
[41,   300] loss: 0.100
[42,   100] loss: 0.119
[42,   200] loss: 0.113
[42,   300] loss: 0.109
[43,   100] loss: 0.105
[43,   200] loss: 0.104
[43,   300] loss: 0.104
[44,   100] loss: 0.103
[44,   200] loss: 0.102
[44,   300] loss: 0.103
[45,   100] loss: 0.102
[45,   200] loss: 0.103
[45,   300] loss: 0.100
[46,   100] loss: 0.099
[46,   200] loss: 0.097
[46,   300] loss: 0.090
[47,   100] loss: 0.107
[47,   200] loss: 0.095
[47,   300] loss: 0.098
[48,   100] loss: 0.101
[48,   200] loss: 0.094
[48,   300] loss: 0.098
[49,   100] loss: 0.095
[49,   200] loss: 0.097
[49,   300] loss: 0.090
[50,   100] loss: 0.094
[50,   200] loss: 0.098
[50,   300] loss: 0.089
[51,   100] loss: 0.105
[51,   200] loss: 0.098
[51,   300] loss: 0.090
[52,   100] loss: 0.087
[52,   200] loss: 0.087
[52,   300] loss: 0.095
[53,   100] loss: 0.090
[53,   200] loss: 0.093
[53,   300] loss: 0.092
[54,   100] loss: 0.082
[54,   200] loss: 0.087
[54,   300] loss: 0.089
[55,   100] loss: 0.095
[55,   200] loss: 0.085
[55,   300] loss: 0.084
[56,   100] loss: 0.083
[56,   200] loss: 0.086
[56,   300] loss: 0.080
[57,   100] loss: 0.096
[57,   200] loss: 0.082
[57,   300] loss: 0.083
[58,   100] loss: 0.090
[58,   200] loss: 0.081
[58,   300] loss: 0.083
[59,   100] loss: 0.078
[59,   200] loss: 0.078
[59,   300] loss: 0.084
[60,   100] loss: 0.084
[60,   200] loss: 0.077
[60,   300] loss: 0.078
[61,   100] loss: 0.081
[61,   200] loss: 0.080
[61,   300] loss: 0.083
[62,   100] loss: 0.075
[62,   200] loss: 0.088
[62,   300] loss: 0.073
[63,   100] loss: 0.072
[63,   200] loss: 0.078
[63,   300] loss: 0.086
[64,   100] loss: 0.077
[64,   200] loss: 0.077
[64,   300] loss: 0.074
[65,   100] loss: 0.070
[65,   200] loss: 0.076
[65,   300] loss: 0.075
[66,   100] loss: 0.077
[66,   200] loss: 0.067
[66,   300] loss: 0.077
[67,   100] loss: 0.080
[67,   200] loss: 0.082
[67,   300] loss: 0.076
[68,   100] loss: 0.077
[68,   200] loss: 0.073
[68,   300] loss: 0.077
[69,   100] loss: 0.072
[69,   200] loss: 0.077
[69,   300] loss: 0.070
[70,   100] loss: 0.070
[70,   200] loss: 0.068
[70,   300] loss: 0.066
[71,   100] loss: 0.072
[71,   200] loss: 0.068
[71,   300] loss: 0.070
[72,   100] loss: 0.072
[72,   200] loss: 0.066
[72,   300] loss: 0.070
[73,   100] loss: 0.079
[73,   200] loss: 0.067
[73,   300] loss: 0.065
[74,   100] loss: 0.066
[74,   200] loss: 0.069
[74,   300] loss: 0.069
[75,   100] loss: 0.069
[75,   200] loss: 0.072
[75,   300] loss: 0.068
[76,   100] loss: 0.070
[76,   200] loss: 0.067
[76,   300] loss: 0.070
[77,   100] loss: 0.073
[77,   200] loss: 0.069
[77,   300] loss: 0.066
[78,   100] loss: 0.066
[78,   200] loss: 0.068
[78,   300] loss: 0.067
[79,   100] loss: 0.064
[79,   200] loss: 0.063
[79,   300] loss: 0.064
[80,   100] loss: 0.060
[80,   200] loss: 0.063
[80,   300] loss: 0.063
[81,   100] loss: 0.065
[81,   200] loss: 0.066
[81,   300] loss: 0.070
[82,   100] loss: 0.066
[82,   200] loss: 0.060
[82,   300] loss: 0.062
[83,   100] loss: 0.064
[83,   200] loss: 0.066
[83,   300] loss: 0.061
[84,   100] loss: 0.062
[84,   200] loss: 0.062
[84,   300] loss: 0.061
[85,   100] loss: 0.050
[85,   200] loss: 0.062
[85,   300] loss: 0.059
[86,   100] loss: 0.060
[86,   200] loss: 0.065
[86,   300] loss: 0.061
[87,   100] loss: 0.055
[87,   200] loss: 0.061
[87,   300] loss: 0.065
[88,   100] loss: 0.065
[88,   200] loss: 0.062
[88,   300] loss: 0.067
[89,   100] loss: 0.060
[89,   200] loss: 0.058
[89,   300] loss: 0.058
[90,   100] loss: 0.064
[90,   200] loss: 0.063
[90,   300] loss: 0.058
[91,   100] loss: 0.058
[91,   200] loss: 0.063
[91,   300] loss: 0.066
[92,   100] loss: 0.058
[92,   200] loss: 0.059
[92,   300] loss: 0.063
[93,   100] loss: 0.057
[93,   200] loss: 0.057
[93,   300] loss: 0.062
[94,   100] loss: 0.059
[94,   200] loss: 0.061
[94,   300] loss: 0.054
[95,   100] loss: 0.065
[95,   200] loss: 0.064
[95,   300] loss: 0.060
[96,   100] loss: 0.053
[96,   200] loss: 0.069
[96,   300] loss: 0.055
[97,   100] loss: 0.048
[97,   200] loss: 0.059
[97,   300] loss: 0.058
[98,   100] loss: 0.054
[98,   200] loss: 0.059
[98,   300] loss: 0.058
[99,   100] loss: 0.054
[99,   200] loss: 0.057
[99,   300] loss: 0.055
[100,   100] loss: 0.052
[100,   200] loss: 0.059
[100,   300] loss: 0.059
[101,   100] loss: 0.058
[101,   200] loss: 0.053
[101,   300] loss: 0.057
[102,   100] loss: 0.060
[102,   200] loss: 0.050
[102,   300] loss: 0.057
[103,   100] loss: 0.053
[103,   200] loss: 0.058
[103,   300] loss: 0.057
[104,   100] loss: 0.056
[104,   200] loss: 0.051
[104,   300] loss: 0.055
[105,   100] loss: 0.051
[105,   200] loss: 0.052
[105,   300] loss: 0.054
[106,   100] loss: 0.052
[106,   200] loss: 0.060
[106,   300] loss: 0.061
[107,   100] loss: 0.058
[107,   200] loss: 0.052
[107,   300] loss: 0.061
[108,   100] loss: 0.052
[108,   200] loss: 0.051
[108,   300] loss: 0.055
[109,   100] loss: 0.052
[109,   200] loss: 0.056
[109,   300] loss: 0.056
[110,   100] loss: 0.049
[110,   200] loss: 0.047
[110,   300] loss: 0.049
[111,   100] loss: 0.057
[111,   200] loss: 0.049
[111,   300] loss: 0.045
[112,   100] loss: 0.049
[112,   200] loss: 0.050
[112,   300] loss: 0.048
[113,   100] loss: 0.055
[113,   200] loss: 0.048
[113,   300] loss: 0.050
[114,   100] loss: 0.049
[114,   200] loss: 0.051
[114,   300] loss: 0.053
[115,   100] loss: 0.051
[115,   200] loss: 0.054
[115,   300] loss: 0.049
[116,   100] loss: 0.053
[116,   200] loss: 0.054
[116,   300] loss: 0.051
[117,   100] loss: 0.049
[117,   200] loss: 0.049
[117,   300] loss: 0.054
[118,   100] loss: 0.046
[118,   200] loss: 0.047
[118,   300] loss: 0.053
[119,   100] loss: 0.052
[119,   200] loss: 0.051
[119,   300] loss: 0.047
[120,   100] loss: 0.051
[120,   200] loss: 0.050
[120,   300] loss: 0.052
[121,   100] loss: 0.046
[121,   200] loss: 0.042
[121,   300] loss: 0.046
[122,   100] loss: 0.048
[122,   200] loss: 0.046
[122,   300] loss: 0.047
[123,   100] loss: 0.047
[123,   200] loss: 0.039
[123,   300] loss: 0.050
[124,   100] loss: 0.049
[124,   200] loss: 0.052
[124,   300] loss: 0.048
[125,   100] loss: 0.053
[125,   200] loss: 0.044
[125,   300] loss: 0.051
[126,   100] loss: 0.044
[126,   200] loss: 0.049
[126,   300] loss: 0.046
[127,   100] loss: 0.040
[127,   200] loss: 0.047
[127,   300] loss: 0.049
[128,   100] loss: 0.042
[128,   200] loss: 0.048
[128,   300] loss: 0.048
[129,   100] loss: 0.041
[129,   200] loss: 0.048
[129,   300] loss: 0.048
[130,   100] loss: 0.044
[130,   200] loss: 0.049
[130,   300] loss: 0.049
[131,   100] loss: 0.043
[131,   200] loss: 0.044
[131,   300] loss: 0.041
[132,   100] loss: 0.047
[132,   200] loss: 0.049
[132,   300] loss: 0.043
[133,   100] loss: 0.046
[133,   200] loss: 0.040
[133,   300] loss: 0.046
[134,   100] loss: 0.042
[134,   200] loss: 0.043
[134,   300] loss: 0.041
[135,   100] loss: 0.043
[135,   200] loss: 0.043
[135,   300] loss: 0.043
[136,   100] loss: 0.041
[136,   200] loss: 0.046
[136,   300] loss: 0.041
[137,   100] loss: 0.045
[137,   200] loss: 0.042
[137,   300] loss: 0.047
[138,   100] loss: 0.050
[138,   200] loss: 0.046
[138,   300] loss: 0.043
[139,   100] loss: 0.044
[139,   200] loss: 0.041
[139,   300] loss: 0.045
[140,   100] loss: 0.046
[140,   200] loss: 0.043
[140,   300] loss: 0.044
[141,   100] loss: 0.044
[141,   200] loss: 0.044
[141,   300] loss: 0.043
[142,   100] loss: 0.046
[142,   200] loss: 0.040
[142,   300] loss: 0.042
[143,   100] loss: 0.041
[143,   200] loss: 0.043
[143,   300] loss: 0.044
[144,   100] loss: 0.046
[144,   200] loss: 0.040
[144,   300] loss: 0.039
[145,   100] loss: 0.043
[145,   200] loss: 0.041
[145,   300] loss: 0.043
[146,   100] loss: 0.043
[146,   200] loss: 0.039
[146,   300] loss: 0.037
[147,   100] loss: 0.045
[147,   200] loss: 0.042
[147,   300] loss: 0.040
[148,   100] loss: 0.041
[148,   200] loss: 0.041
[148,   300] loss: 0.041
[149,   100] loss: 0.046
[149,   200] loss: 0.039
[149,   300] loss: 0.042
[150,   100] loss: 0.040
[150,   200] loss: 0.043
[150,   300] loss: 0.041
[151,   100] loss: 0.041
[151,   200] loss: 0.045
[151,   300] loss: 0.043
[152,   100] loss: 0.036
[152,   200] loss: 0.039
[152,   300] loss: 0.045
[153,   100] loss: 0.041
[153,   200] loss: 0.041
[153,   300] loss: 0.040
[154,   100] loss: 0.036
[154,   200] loss: 0.039
[154,   300] loss: 0.042
[155,   100] loss: 0.044
[155,   200] loss: 0.043
[155,   300] loss: 0.040
[156,   100] loss: 0.040
[156,   200] loss: 0.041
[156,   300] loss: 0.035
[157,   100] loss: 0.040
[157,   200] loss: 0.037
[157,   300] loss: 0.039
[158,   100] loss: 0.043
[158,   200] loss: 0.038
[158,   300] loss: 0.040
[159,   100] loss: 0.040
[159,   200] loss: 0.041
[159,   300] loss: 0.036
[160,   100] loss: 0.037
[160,   200] loss: 0.041
[160,   300] loss: 0.044
[161,   100] loss: 0.039
[161,   200] loss: 0.042
[161,   300] loss: 0.034
[162,   100] loss: 0.037
[162,   200] loss: 0.036
[162,   300] loss: 0.041
[163,   100] loss: 0.040
[163,   200] loss: 0.036
[163,   300] loss: 0.039
[164,   100] loss: 0.037
[164,   200] loss: 0.047
[164,   300] loss: 0.042
[165,   100] loss: 0.038
[165,   200] loss: 0.041
[165,   300] loss: 0.039
[166,   100] loss: 0.041
[166,   200] loss: 0.036
[166,   300] loss: 0.041
[167,   100] loss: 0.035
[167,   200] loss: 0.037
[167,   300] loss: 0.036
[168,   100] loss: 0.038
[168,   200] loss: 0.034
[168,   300] loss: 0.039
[169,   100] loss: 0.038
[169,   200] loss: 0.036
[169,   300] loss: 0.036
[170,   100] loss: 0.039
[170,   200] loss: 0.040
[170,   300] loss: 0.035
[171,   100] loss: 0.038
[171,   200] loss: 0.034
[171,   300] loss: 0.035
[172,   100] loss: 0.036
[172,   200] loss: 0.040
[172,   300] loss: 0.033
[173,   100] loss: 0.039
[173,   200] loss: 0.035
[173,   300] loss: 0.039
[174,   100] loss: 0.038
[174,   200] loss: 0.038
[174,   300] loss: 0.032
[175,   100] loss: 0.038
[175,   200] loss: 0.036
[175,   300] loss: 0.035
[176,   100] loss: 0.037
[176,   200] loss: 0.036
[176,   300] loss: 0.040
[177,   100] loss: 0.036
[177,   200] loss: 0.036
[177,   300] loss: 0.037
[178,   100] loss: 0.034
[178,   200] loss: 0.037
[178,   300] loss: 0.035
[179,   100] loss: 0.036
[179,   200] loss: 0.035
[179,   300] loss: 0.036
[180,   100] loss: 0.032
[180,   200] loss: 0.039
[180,   300] loss: 0.037
[181,   100] loss: 0.036
[181,   200] loss: 0.035
[181,   300] loss: 0.033
[182,   100] loss: 0.034
[182,   200] loss: 0.034
[182,   300] loss: 0.033
[183,   100] loss: 0.035
[183,   200] loss: 0.032
[183,   300] loss: 0.033
[184,   100] loss: 0.035
[184,   200] loss: 0.032
[184,   300] loss: 0.036
[185,   100] loss: 0.037
[185,   200] loss: 0.035
[185,   300] loss: 0.035
[186,   100] loss: 0.034
[186,   200] loss: 0.037
[186,   300] loss: 0.033
[187,   100] loss: 0.036
[187,   200] loss: 0.033
[187,   300] loss: 0.037
[188,   100] loss: 0.035
[188,   200] loss: 0.039
[188,   300] loss: 0.033
[189,   100] loss: 0.033
[189,   200] loss: 0.033
[189,   300] loss: 0.035
[190,   100] loss: 0.037
[190,   200] loss: 0.032
[190,   300] loss: 0.038
[191,   100] loss: 0.032
[191,   200] loss: 0.037
[191,   300] loss: 0.032
[192,   100] loss: 0.030
[192,   200] loss: 0.031
[192,   300] loss: 0.033
[193,   100] loss: 0.036
[193,   200] loss: 0.038
[193,   300] loss: 0.035
[194,   100] loss: 0.037
[194,   200] loss: 0.030
[194,   300] loss: 0.033
[195,   100] loss: 0.033
[195,   200] loss: 0.033
[195,   300] loss: 0.035
[196,   100] loss: 0.035
[196,   200] loss: 0.033
[196,   300] loss: 0.030
[197,   100] loss: 0.031
[197,   200] loss: 0.033
[197,   300] loss: 0.029
[198,   100] loss: 0.032
[198,   200] loss: 0.035
[198,   300] loss: 0.036
[199,   100] loss: 0.034
[199,   200] loss: 0.034
[199,   300] loss: 0.031
[200,   100] loss: 0.031
[200,   200] loss: 0.039
[200,   300] loss: 0.034
Finished Training