[1,   100] loss: 2.956
[1,   200] loss: 2.224
[1,   300] loss: 1.843
[2,   100] loss: 1.564
[2,   200] loss: 1.369
[2,   300] loss: 1.204
[3,   100] loss: 1.058
[3,   200] loss: 0.931
[3,   300] loss: 0.862
[4,   100] loss: 0.798
[4,   200] loss: 0.705
[4,   300] loss: 0.694
[5,   100] loss: 0.634
[5,   200] loss: 0.594
[5,   300] loss: 0.540
[6,   100] loss: 0.535
[6,   200] loss: 0.480
[6,   300] loss: 0.478
[7,   100] loss: 0.460
[7,   200] loss: 0.434
[7,   300] loss: 0.422
[8,   100] loss: 0.396
[8,   200] loss: 0.390
[8,   300] loss: 0.377
[9,   100] loss: 0.365
[9,   200] loss: 0.367
[9,   300] loss: 0.336
[10,   100] loss: 0.321
[10,   200] loss: 0.316
[10,   300] loss: 0.313
[11,   100] loss: 0.290
[11,   200] loss: 0.288
[11,   300] loss: 0.300
[12,   100] loss: 0.279
[12,   200] loss: 0.281
[12,   300] loss: 0.267
[13,   100] loss: 0.260
[13,   200] loss: 0.255
[13,   300] loss: 0.247
[14,   100] loss: 0.248
[14,   200] loss: 0.234
[14,   300] loss: 0.234
[15,   100] loss: 0.226
[15,   200] loss: 0.214
[15,   300] loss: 0.225
[16,   100] loss: 0.230
[16,   200] loss: 0.205
[16,   300] loss: 0.212
[17,   100] loss: 0.216
[17,   200] loss: 0.197
[17,   300] loss: 0.213
[18,   100] loss: 0.199
[18,   200] loss: 0.204
[18,   300] loss: 0.192
[19,   100] loss: 0.190
[19,   200] loss: 0.196
[19,   300] loss: 0.182
[20,   100] loss: 0.188
[20,   200] loss: 0.179
[20,   300] loss: 0.177
[21,   100] loss: 0.171
[21,   200] loss: 0.184
[21,   300] loss: 0.177
[22,   100] loss: 0.175
[22,   200] loss: 0.168
[22,   300] loss: 0.159
[23,   100] loss: 0.164
[23,   200] loss: 0.171
[23,   300] loss: 0.163
[24,   100] loss: 0.155
[24,   200] loss: 0.157
[24,   300] loss: 0.156
[25,   100] loss: 0.145
[25,   200] loss: 0.160
[25,   300] loss: 0.151
[26,   100] loss: 0.156
[26,   200] loss: 0.146
[26,   300] loss: 0.145
[27,   100] loss: 0.143
[27,   200] loss: 0.137
[27,   300] loss: 0.136
[28,   100] loss: 0.136
[28,   200] loss: 0.140
[28,   300] loss: 0.141
[29,   100] loss: 0.135
[29,   200] loss: 0.141
[29,   300] loss: 0.135
[30,   100] loss: 0.138
[30,   200] loss: 0.139
[30,   300] loss: 0.147
[31,   100] loss: 0.128
[31,   200] loss: 0.128
[31,   300] loss: 0.136
[32,   100] loss: 0.123
[32,   200] loss: 0.132
[32,   300] loss: 0.132
[33,   100] loss: 0.125
[33,   200] loss: 0.116
[33,   300] loss: 0.123
[34,   100] loss: 0.123
[34,   200] loss: 0.113
[34,   300] loss: 0.131
[35,   100] loss: 0.118
[35,   200] loss: 0.125
[35,   300] loss: 0.118
[36,   100] loss: 0.114
[36,   200] loss: 0.117
[36,   300] loss: 0.120
[37,   100] loss: 0.121
[37,   200] loss: 0.111
[37,   300] loss: 0.119
[38,   100] loss: 0.121
[38,   200] loss: 0.104
[38,   300] loss: 0.110
[39,   100] loss: 0.112
[39,   200] loss: 0.107
[39,   300] loss: 0.112
[40,   100] loss: 0.106
[40,   200] loss: 0.105
[40,   300] loss: 0.108
[41,   100] loss: 0.107
[41,   200] loss: 0.103
[41,   300] loss: 0.102
[42,   100] loss: 0.107
[42,   200] loss: 0.097
[42,   300] loss: 0.104
[43,   100] loss: 0.104
[43,   200] loss: 0.109
[43,   300] loss: 0.099
[44,   100] loss: 0.097
[44,   200] loss: 0.102
[44,   300] loss: 0.094
[45,   100] loss: 0.098
[45,   200] loss: 0.108
[45,   300] loss: 0.086
[46,   100] loss: 0.099
[46,   200] loss: 0.099
[46,   300] loss: 0.100
[47,   100] loss: 0.101
[47,   200] loss: 0.096
[47,   300] loss: 0.104
[48,   100] loss: 0.097
[48,   200] loss: 0.089
[48,   300] loss: 0.101
[49,   100] loss: 0.090
[49,   200] loss: 0.088
[49,   300] loss: 0.089
[50,   100] loss: 0.103
[50,   200] loss: 0.083
[50,   300] loss: 0.092
[51,   100] loss: 0.096
[51,   200] loss: 0.094
[51,   300] loss: 0.081
[52,   100] loss: 0.082
[52,   200] loss: 0.087
[52,   300] loss: 0.087
[53,   100] loss: 0.092
[53,   200] loss: 0.094
[53,   300] loss: 0.087
[54,   100] loss: 0.088
[54,   200] loss: 0.089
[54,   300] loss: 0.088
[55,   100] loss: 0.087
[55,   200] loss: 0.086
[55,   300] loss: 0.084
[56,   100] loss: 0.088
[56,   200] loss: 0.078
[56,   300] loss: 0.083
[57,   100] loss: 0.088
[57,   200] loss: 0.084
[57,   300] loss: 0.087
[58,   100] loss: 0.080
[58,   200] loss: 0.076
[58,   300] loss: 0.074
[59,   100] loss: 0.078
[59,   200] loss: 0.084
[59,   300] loss: 0.081
[60,   100] loss: 0.070
[60,   200] loss: 0.083
[60,   300] loss: 0.080
[61,   100] loss: 0.077
[61,   200] loss: 0.078
[61,   300] loss: 0.083
[62,   100] loss: 0.079
[62,   200] loss: 0.077
[62,   300] loss: 0.078
[63,   100] loss: 0.075
[63,   200] loss: 0.072
[63,   300] loss: 0.074
[64,   100] loss: 0.078
[64,   200] loss: 0.076
[64,   300] loss: 0.078
[65,   100] loss: 0.074
[65,   200] loss: 0.081
[65,   300] loss: 0.072
[66,   100] loss: 0.072
[66,   200] loss: 0.073
[66,   300] loss: 0.071
[67,   100] loss: 0.073
[67,   200] loss: 0.069
[67,   300] loss: 0.071
[68,   100] loss: 0.075
[68,   200] loss: 0.069
[68,   300] loss: 0.081
[69,   100] loss: 0.067
[69,   200] loss: 0.067
[69,   300] loss: 0.073
[70,   100] loss: 0.069
[70,   200] loss: 0.070
[70,   300] loss: 0.072
[71,   100] loss: 0.074
[71,   200] loss: 0.071
[71,   300] loss: 0.069
[72,   100] loss: 0.069
[72,   200] loss: 0.065
[72,   300] loss: 0.070
[73,   100] loss: 0.071
[73,   200] loss: 0.067
[73,   300] loss: 0.064
[74,   100] loss: 0.074
[74,   200] loss: 0.068
[74,   300] loss: 0.068
[75,   100] loss: 0.069
[75,   200] loss: 0.070
[75,   300] loss: 0.062
[76,   100] loss: 0.066
[76,   200] loss: 0.066
[76,   300] loss: 0.060
[77,   100] loss: 0.075
[77,   200] loss: 0.069
[77,   300] loss: 0.070
[78,   100] loss: 0.080
[78,   200] loss: 0.069
[78,   300] loss: 0.066
[79,   100] loss: 0.065
[79,   200] loss: 0.069
[79,   300] loss: 0.065
[80,   100] loss: 0.063
[80,   200] loss: 0.060
[80,   300] loss: 0.064
[81,   100] loss: 0.060
[81,   200] loss: 0.066
[81,   300] loss: 0.060
[82,   100] loss: 0.059
[82,   200] loss: 0.058
[82,   300] loss: 0.069
[83,   100] loss: 0.067
[83,   200] loss: 0.062
[83,   300] loss: 0.066
[84,   100] loss: 0.063
[84,   200] loss: 0.059
[84,   300] loss: 0.062
[85,   100] loss: 0.062
[85,   200] loss: 0.061
[85,   300] loss: 0.061
[86,   100] loss: 0.058
[86,   200] loss: 0.060
[86,   300] loss: 0.063
[87,   100] loss: 0.058
[87,   200] loss: 0.060
[87,   300] loss: 0.062
[88,   100] loss: 0.059
[88,   200] loss: 0.054
[88,   300] loss: 0.059
[89,   100] loss: 0.068
[89,   200] loss: 0.063
[89,   300] loss: 0.061
[90,   100] loss: 0.065
[90,   200] loss: 0.058
[90,   300] loss: 0.061
[91,   100] loss: 0.057
[91,   200] loss: 0.056
[91,   300] loss: 0.065
[92,   100] loss: 0.059
[92,   200] loss: 0.058
[92,   300] loss: 0.063
[93,   100] loss: 0.053
[93,   200] loss: 0.054
[93,   300] loss: 0.055
[94,   100] loss: 0.054
[94,   200] loss: 0.051
[94,   300] loss: 0.068
[95,   100] loss: 0.057
[95,   200] loss: 0.059
[95,   300] loss: 0.052
[96,   100] loss: 0.056
[96,   200] loss: 0.054
[96,   300] loss: 0.060
[97,   100] loss: 0.055
[97,   200] loss: 0.058
[97,   300] loss: 0.052
[98,   100] loss: 0.053
[98,   200] loss: 0.058
[98,   300] loss: 0.058
[99,   100] loss: 0.052
[99,   200] loss: 0.053
[99,   300] loss: 0.056
[100,   100] loss: 0.050
[100,   200] loss: 0.062
[100,   300] loss: 0.056
[101,   100] loss: 0.058
[101,   200] loss: 0.053
[101,   300] loss: 0.049
[102,   100] loss: 0.056
[102,   200] loss: 0.055
[102,   300] loss: 0.045
[103,   100] loss: 0.052
[103,   200] loss: 0.049
[103,   300] loss: 0.056
[104,   100] loss: 0.050
[104,   200] loss: 0.050
[104,   300] loss: 0.053
[105,   100] loss: 0.054
[105,   200] loss: 0.055
[105,   300] loss: 0.054
[106,   100] loss: 0.049
[106,   200] loss: 0.052
[106,   300] loss: 0.051
[107,   100] loss: 0.049
[107,   200] loss: 0.049
[107,   300] loss: 0.052
[108,   100] loss: 0.055
[108,   200] loss: 0.053
[108,   300] loss: 0.056
[109,   100] loss: 0.050
[109,   200] loss: 0.054
[109,   300] loss: 0.049
[110,   100] loss: 0.051
[110,   200] loss: 0.051
[110,   300] loss: 0.049
[111,   100] loss: 0.053
[111,   200] loss: 0.049
[111,   300] loss: 0.049
[112,   100] loss: 0.050
[112,   200] loss: 0.045
[112,   300] loss: 0.045
[113,   100] loss: 0.052
[113,   200] loss: 0.049
[113,   300] loss: 0.048
[114,   100] loss: 0.049
[114,   200] loss: 0.053
[114,   300] loss: 0.047
[115,   100] loss: 0.050
[115,   200] loss: 0.045
[115,   300] loss: 0.050
[116,   100] loss: 0.043
[116,   200] loss: 0.049
[116,   300] loss: 0.050
[117,   100] loss: 0.047
[117,   200] loss: 0.046
[117,   300] loss: 0.048
[118,   100] loss: 0.052
[118,   200] loss: 0.043
[118,   300] loss: 0.049
[119,   100] loss: 0.048
[119,   200] loss: 0.045
[119,   300] loss: 0.049
[120,   100] loss: 0.046
[120,   200] loss: 0.047
[120,   300] loss: 0.050
[121,   100] loss: 0.054
[121,   200] loss: 0.046
[121,   300] loss: 0.049
[122,   100] loss: 0.044
[122,   200] loss: 0.044
[122,   300] loss: 0.049
[123,   100] loss: 0.045
[123,   200] loss: 0.048
[123,   300] loss: 0.049
[124,   100] loss: 0.050
[124,   200] loss: 0.047
[124,   300] loss: 0.045
[125,   100] loss: 0.044
[125,   200] loss: 0.050
[125,   300] loss: 0.044
[126,   100] loss: 0.045
[126,   200] loss: 0.042
[126,   300] loss: 0.048
[127,   100] loss: 0.040
[127,   200] loss: 0.048
[127,   300] loss: 0.041
[128,   100] loss: 0.036
[128,   200] loss: 0.046
[128,   300] loss: 0.044
[129,   100] loss: 0.047
[129,   200] loss: 0.045
[129,   300] loss: 0.047
[130,   100] loss: 0.052
[130,   200] loss: 0.044
[130,   300] loss: 0.045
[131,   100] loss: 0.045
[131,   200] loss: 0.041
[131,   300] loss: 0.047
[132,   100] loss: 0.044
[132,   200] loss: 0.046
[132,   300] loss: 0.042
[133,   100] loss: 0.047
[133,   200] loss: 0.040
[133,   300] loss: 0.043
[134,   100] loss: 0.045
[134,   200] loss: 0.041
[134,   300] loss: 0.044
[135,   100] loss: 0.041
[135,   200] loss: 0.047
[135,   300] loss: 0.043
[136,   100] loss: 0.039
[136,   200] loss: 0.041
[136,   300] loss: 0.041
[137,   100] loss: 0.040
[137,   200] loss: 0.042
[137,   300] loss: 0.040
[138,   100] loss: 0.044
[138,   200] loss: 0.047
[138,   300] loss: 0.043
[139,   100] loss: 0.043
[139,   200] loss: 0.047
[139,   300] loss: 0.046
[140,   100] loss: 0.039
[140,   200] loss: 0.038
[140,   300] loss: 0.044
[141,   100] loss: 0.040
[141,   200] loss: 0.040
[141,   300] loss: 0.049
[142,   100] loss: 0.039
[142,   200] loss: 0.052
[142,   300] loss: 0.042
[143,   100] loss: 0.042
[143,   200] loss: 0.039
[143,   300] loss: 0.048
[144,   100] loss: 0.043
[144,   200] loss: 0.043
[144,   300] loss: 0.036
[145,   100] loss: 0.045
[145,   200] loss: 0.039
[145,   300] loss: 0.041
[146,   100] loss: 0.043
[146,   200] loss: 0.037
[146,   300] loss: 0.040
[147,   100] loss: 0.038
[147,   200] loss: 0.039
[147,   300] loss: 0.049
[148,   100] loss: 0.043
[148,   200] loss: 0.039
[148,   300] loss: 0.038
[149,   100] loss: 0.036
[149,   200] loss: 0.041
[149,   300] loss: 0.040
[150,   100] loss: 0.044
[150,   200] loss: 0.042
[150,   300] loss: 0.036
[151,   100] loss: 0.043
[151,   200] loss: 0.041
[151,   300] loss: 0.039
[152,   100] loss: 0.036
[152,   200] loss: 0.037
[152,   300] loss: 0.044
[153,   100] loss: 0.038
[153,   200] loss: 0.037
[153,   300] loss: 0.039
[154,   100] loss: 0.038
[154,   200] loss: 0.037
[154,   300] loss: 0.041
[155,   100] loss: 0.040
[155,   200] loss: 0.042
[155,   300] loss: 0.040
[156,   100] loss: 0.042
[156,   200] loss: 0.034
[156,   300] loss: 0.038
[157,   100] loss: 0.038
[157,   200] loss: 0.037
[157,   300] loss: 0.039
[158,   100] loss: 0.039
[158,   200] loss: 0.034
[158,   300] loss: 0.036
[159,   100] loss: 0.044
[159,   200] loss: 0.035
[159,   300] loss: 0.040
[160,   100] loss: 0.041
[160,   200] loss: 0.033
[160,   300] loss: 0.040
[161,   100] loss: 0.037
[161,   200] loss: 0.038
[161,   300] loss: 0.040
[162,   100] loss: 0.038
[162,   200] loss: 0.037
[162,   300] loss: 0.039
[163,   100] loss: 0.034
[163,   200] loss: 0.035
[163,   300] loss: 0.039
[164,   100] loss: 0.037
[164,   200] loss: 0.036
[164,   300] loss: 0.038
[165,   100] loss: 0.035
[165,   200] loss: 0.039
[165,   300] loss: 0.040
[166,   100] loss: 0.035
[166,   200] loss: 0.040
[166,   300] loss: 0.033
[167,   100] loss: 0.036
[167,   200] loss: 0.038
[167,   300] loss: 0.038
[168,   100] loss: 0.046
[168,   200] loss: 0.040
[168,   300] loss: 0.032
[169,   100] loss: 0.038
[169,   200] loss: 0.033
[169,   300] loss: 0.034
[170,   100] loss: 0.038
[170,   200] loss: 0.032
[170,   300] loss: 0.042
[171,   100] loss: 0.033
[171,   200] loss: 0.035
[171,   300] loss: 0.036
[172,   100] loss: 0.037
[172,   200] loss: 0.034
[172,   300] loss: 0.034
[173,   100] loss: 0.035
[173,   200] loss: 0.036
[173,   300] loss: 0.038
[174,   100] loss: 0.036
[174,   200] loss: 0.033
[174,   300] loss: 0.036
[175,   100] loss: 0.039
[175,   200] loss: 0.032
[175,   300] loss: 0.036
[176,   100] loss: 0.035
[176,   200] loss: 0.038
[176,   300] loss: 0.034
[177,   100] loss: 0.033
[177,   200] loss: 0.037
[177,   300] loss: 0.033
[178,   100] loss: 0.036
[178,   200] loss: 0.037
[178,   300] loss: 0.034
[179,   100] loss: 0.036
[179,   200] loss: 0.034
[179,   300] loss: 0.035
[180,   100] loss: 0.034
[180,   200] loss: 0.038
[180,   300] loss: 0.035
[181,   100] loss: 0.034
[181,   200] loss: 0.034
[181,   300] loss: 0.032
[182,   100] loss: 0.032
[182,   200] loss: 0.035
[182,   300] loss: 0.032
[183,   100] loss: 0.035
[183,   200] loss: 0.032
[183,   300] loss: 0.036
[184,   100] loss: 0.036
[184,   200] loss: 0.034
[184,   300] loss: 0.038
[185,   100] loss: 0.033
[185,   200] loss: 0.031
[185,   300] loss: 0.038
[186,   100] loss: 0.029
[186,   200] loss: 0.028
[186,   300] loss: 0.038
[187,   100] loss: 0.030
[187,   200] loss: 0.033
[187,   300] loss: 0.035
[188,   100] loss: 0.033
[188,   200] loss: 0.033
[188,   300] loss: 0.035
[189,   100] loss: 0.033
[189,   200] loss: 0.031
[189,   300] loss: 0.033
[190,   100] loss: 0.031
[190,   200] loss: 0.034
[190,   300] loss: 0.031
[191,   100] loss: 0.034
[191,   200] loss: 0.035
[191,   300] loss: 0.031
[192,   100] loss: 0.034
[192,   200] loss: 0.033
[192,   300] loss: 0.036
[193,   100] loss: 0.036
[193,   200] loss: 0.035
[193,   300] loss: 0.034
[194,   100] loss: 0.031
[194,   200] loss: 0.031
[194,   300] loss: 0.036
[195,   100] loss: 0.033
[195,   200] loss: 0.031
[195,   300] loss: 0.033
[196,   100] loss: 0.031
[196,   200] loss: 0.032
[196,   300] loss: 0.029
[197,   100] loss: 0.034
[197,   200] loss: 0.030
[197,   300] loss: 0.033
[198,   100] loss: 0.030
[198,   200] loss: 0.034
[198,   300] loss: 0.031
[199,   100] loss: 0.031
[199,   200] loss: 0.028
[199,   300] loss: 0.027
[200,   100] loss: 0.034
[200,   200] loss: 0.029
[200,   300] loss: 0.032
Finished Training