[1,   100] loss: 3.683
[1,   200] loss: 3.514
[1,   300] loss: 3.488
[2,   100] loss: 3.450
[2,   200] loss: 3.408
[2,   300] loss: 3.343
[3,   100] loss: 3.145
[3,   200] loss: 2.906
[3,   300] loss: 2.705
[4,   100] loss: 2.530
[4,   200] loss: 2.405
[4,   300] loss: 2.274
[5,   100] loss: 2.120
[5,   200] loss: 2.005
[5,   300] loss: 1.893
[6,   100] loss: 1.801
[6,   200] loss: 1.731
[6,   300] loss: 1.628
[7,   100] loss: 1.523
[7,   200] loss: 1.463
[7,   300] loss: 1.400
[8,   100] loss: 1.313
[8,   200] loss: 1.264
[8,   300] loss: 1.206
[9,   100] loss: 1.151
[9,   200] loss: 1.125
[9,   300] loss: 1.085
[10,   100] loss: 1.047
[10,   200] loss: 0.985
[10,   300] loss: 0.989
[11,   100] loss: 0.952
[11,   200] loss: 0.935
[11,   300] loss: 0.888
[12,   100] loss: 0.861
[12,   200] loss: 0.840
[12,   300] loss: 0.809
[13,   100] loss: 0.795
[13,   200] loss: 0.768
[13,   300] loss: 0.729
[14,   100] loss: 0.717
[14,   200] loss: 0.735
[14,   300] loss: 0.695
[15,   100] loss: 0.673
[15,   200] loss: 0.660
[15,   300] loss: 0.654
[16,   100] loss: 0.622
[16,   200] loss: 0.615
[16,   300] loss: 0.612
[17,   100] loss: 0.599
[17,   200] loss: 0.587
[17,   300] loss: 0.558
[18,   100] loss: 0.562
[18,   200] loss: 0.545
[18,   300] loss: 0.534
[19,   100] loss: 0.508
[19,   200] loss: 0.498
[19,   300] loss: 0.521
[20,   100] loss: 0.487
[20,   200] loss: 0.500
[20,   300] loss: 0.498
[21,   100] loss: 0.480
[21,   200] loss: 0.455
[21,   300] loss: 0.453
[22,   100] loss: 0.430
[22,   200] loss: 0.419
[22,   300] loss: 0.418
[23,   100] loss: 0.421
[23,   200] loss: 0.425
[23,   300] loss: 0.403
[24,   100] loss: 0.391
[24,   200] loss: 0.412
[24,   300] loss: 0.410
[25,   100] loss: 0.397
[25,   200] loss: 0.366
[25,   300] loss: 0.379
[26,   100] loss: 0.364
[26,   200] loss: 0.366
[26,   300] loss: 0.375
[27,   100] loss: 0.357
[27,   200] loss: 0.350
[27,   300] loss: 0.363
[28,   100] loss: 0.324
[28,   200] loss: 0.328
[28,   300] loss: 0.331
[29,   100] loss: 0.325
[29,   200] loss: 0.324
[29,   300] loss: 0.322
[30,   100] loss: 0.334
[30,   200] loss: 0.325
[30,   300] loss: 0.330
[31,   100] loss: 0.309
[31,   200] loss: 0.314
[31,   300] loss: 0.303
[32,   100] loss: 0.283
[32,   200] loss: 0.297
[32,   300] loss: 0.301
[33,   100] loss: 0.289
[33,   200] loss: 0.288
[33,   300] loss: 0.275
[34,   100] loss: 0.288
[34,   200] loss: 0.282
[34,   300] loss: 0.279
[35,   100] loss: 0.278
[35,   200] loss: 0.282
[35,   300] loss: 0.263
[36,   100] loss: 0.257
[36,   200] loss: 0.262
[36,   300] loss: 0.267
[37,   100] loss: 0.244
[37,   200] loss: 0.257
[37,   300] loss: 0.262
[38,   100] loss: 0.252
[38,   200] loss: 0.257
[38,   300] loss: 0.248
[39,   100] loss: 0.247
[39,   200] loss: 0.234
[39,   300] loss: 0.237
[40,   100] loss: 0.244
[40,   200] loss: 0.228
[40,   300] loss: 0.240
[41,   100] loss: 0.233
[41,   200] loss: 0.232
[41,   300] loss: 0.228
[42,   100] loss: 0.225
[42,   200] loss: 0.240
[42,   300] loss: 0.216
[43,   100] loss: 0.220
[43,   200] loss: 0.229
[43,   300] loss: 0.216
[44,   100] loss: 0.215
[44,   200] loss: 0.235
[44,   300] loss: 0.216
[45,   100] loss: 0.207
[45,   200] loss: 0.214
[45,   300] loss: 0.217
[46,   100] loss: 0.199
[46,   200] loss: 0.217
[46,   300] loss: 0.207
[47,   100] loss: 0.212
[47,   200] loss: 0.201
[47,   300] loss: 0.208
[48,   100] loss: 0.211
[48,   200] loss: 0.191
[48,   300] loss: 0.193
[49,   100] loss: 0.200
[49,   200] loss: 0.195
[49,   300] loss: 0.192
[50,   100] loss: 0.197
[50,   200] loss: 0.196
[50,   300] loss: 0.188
[51,   100] loss: 0.193
[51,   200] loss: 0.181
[51,   300] loss: 0.184
[52,   100] loss: 0.190
[52,   200] loss: 0.179
[52,   300] loss: 0.182
[53,   100] loss: 0.189
[53,   200] loss: 0.182
[53,   300] loss: 0.176
[54,   100] loss: 0.195
[54,   200] loss: 0.188
[54,   300] loss: 0.184
[55,   100] loss: 0.176
[55,   200] loss: 0.173
[55,   300] loss: 0.184
[56,   100] loss: 0.173
[56,   200] loss: 0.178
[56,   300] loss: 0.177
[57,   100] loss: 0.157
[57,   200] loss: 0.177
[57,   300] loss: 0.164
[58,   100] loss: 0.155
[58,   200] loss: 0.178
[58,   300] loss: 0.177
[59,   100] loss: 0.166
[59,   200] loss: 0.163
[59,   300] loss: 0.159
[60,   100] loss: 0.162
[60,   200] loss: 0.164
[60,   300] loss: 0.160
[61,   100] loss: 0.164
[61,   200] loss: 0.160
[61,   300] loss: 0.156
[62,   100] loss: 0.163
[62,   200] loss: 0.165
[62,   300] loss: 0.161
[63,   100] loss: 0.146
[63,   200] loss: 0.158
[63,   300] loss: 0.158
[64,   100] loss: 0.169
[64,   200] loss: 0.161
[64,   300] loss: 0.151
[65,   100] loss: 0.160
[65,   200] loss: 0.144
[65,   300] loss: 0.149
[66,   100] loss: 0.149
[66,   200] loss: 0.153
[66,   300] loss: 0.149
[67,   100] loss: 0.156
[67,   200] loss: 0.143
[67,   300] loss: 0.144
[68,   100] loss: 0.136
[68,   200] loss: 0.144
[68,   300] loss: 0.142
[69,   100] loss: 0.147
[69,   200] loss: 0.140
[69,   300] loss: 0.150
[70,   100] loss: 0.142
[70,   200] loss: 0.144
[70,   300] loss: 0.137
[71,   100] loss: 0.138
[71,   200] loss: 0.150
[71,   300] loss: 0.141
[72,   100] loss: 0.139
[72,   200] loss: 0.144
[72,   300] loss: 0.132
[73,   100] loss: 0.150
[73,   200] loss: 0.138
[73,   300] loss: 0.130
[74,   100] loss: 0.127
[74,   200] loss: 0.138
[74,   300] loss: 0.134
[75,   100] loss: 0.127
[75,   200] loss: 0.128
[75,   300] loss: 0.149
[76,   100] loss: 0.130
[76,   200] loss: 0.128
[76,   300] loss: 0.139
[77,   100] loss: 0.126
[77,   200] loss: 0.125
[77,   300] loss: 0.133
[78,   100] loss: 0.130
[78,   200] loss: 0.129
[78,   300] loss: 0.135
[79,   100] loss: 0.124
[79,   200] loss: 0.123
[79,   300] loss: 0.129
[80,   100] loss: 0.134
[80,   200] loss: 0.130
[80,   300] loss: 0.118
[81,   100] loss: 0.128
[81,   200] loss: 0.125
[81,   300] loss: 0.119
[82,   100] loss: 0.120
[82,   200] loss: 0.120
[82,   300] loss: 0.122
[83,   100] loss: 0.116
[83,   200] loss: 0.114
[83,   300] loss: 0.124
[84,   100] loss: 0.130
[84,   200] loss: 0.111
[84,   300] loss: 0.119
[85,   100] loss: 0.111
[85,   200] loss: 0.125
[85,   300] loss: 0.119
[86,   100] loss: 0.115
[86,   200] loss: 0.117
[86,   300] loss: 0.119
[87,   100] loss: 0.113
[87,   200] loss: 0.113
[87,   300] loss: 0.117
[88,   100] loss: 0.129
[88,   200] loss: 0.115
[88,   300] loss: 0.111
[89,   100] loss: 0.122
[89,   200] loss: 0.113
[89,   300] loss: 0.118
[90,   100] loss: 0.116
[90,   200] loss: 0.117
[90,   300] loss: 0.102
[91,   100] loss: 0.107
[91,   200] loss: 0.109
[91,   300] loss: 0.109
[92,   100] loss: 0.105
[92,   200] loss: 0.106
[92,   300] loss: 0.112
[93,   100] loss: 0.114
[93,   200] loss: 0.106
[93,   300] loss: 0.114
[94,   100] loss: 0.102
[94,   200] loss: 0.106
[94,   300] loss: 0.109
[95,   100] loss: 0.115
[95,   200] loss: 0.100
[95,   300] loss: 0.099
[96,   100] loss: 0.103
[96,   200] loss: 0.101
[96,   300] loss: 0.102
[97,   100] loss: 0.104
[97,   200] loss: 0.106
[97,   300] loss: 0.105
[98,   100] loss: 0.107
[98,   200] loss: 0.103
[98,   300] loss: 0.099
[99,   100] loss: 0.104
[99,   200] loss: 0.100
[99,   300] loss: 0.106
[100,   100] loss: 0.095
[100,   200] loss: 0.101
[100,   300] loss: 0.110
[101,   100] loss: 0.096
[101,   200] loss: 0.099
[101,   300] loss: 0.096
[102,   100] loss: 0.099
[102,   200] loss: 0.099
[102,   300] loss: 0.100
[103,   100] loss: 0.104
[103,   200] loss: 0.093
[103,   300] loss: 0.096
[104,   100] loss: 0.099
[104,   200] loss: 0.096
[104,   300] loss: 0.099
[105,   100] loss: 0.091
[105,   200] loss: 0.097
[105,   300] loss: 0.104
[106,   100] loss: 0.097
[106,   200] loss: 0.107
[106,   300] loss: 0.101
[107,   100] loss: 0.089
[107,   200] loss: 0.093
[107,   300] loss: 0.090
[108,   100] loss: 0.097
[108,   200] loss: 0.089
[108,   300] loss: 0.091
[109,   100] loss: 0.091
[109,   200] loss: 0.096
[109,   300] loss: 0.096
[110,   100] loss: 0.094
[110,   200] loss: 0.098
[110,   300] loss: 0.086
[111,   100] loss: 0.102
[111,   200] loss: 0.083
[111,   300] loss: 0.088
[112,   100] loss: 0.087
[112,   200] loss: 0.090
[112,   300] loss: 0.091
[113,   100] loss: 0.094
[113,   200] loss: 0.092
[113,   300] loss: 0.083
[114,   100] loss: 0.093
[114,   200] loss: 0.094
[114,   300] loss: 0.090
[115,   100] loss: 0.086
[115,   200] loss: 0.087
[115,   300] loss: 0.082
[116,   100] loss: 0.090
[116,   200] loss: 0.093
[116,   300] loss: 0.090
[117,   100] loss: 0.085
[117,   200] loss: 0.095
[117,   300] loss: 0.086
[118,   100] loss: 0.087
[118,   200] loss: 0.091
[118,   300] loss: 0.090
[119,   100] loss: 0.087
[119,   200] loss: 0.087
[119,   300] loss: 0.081
[120,   100] loss: 0.091
[120,   200] loss: 0.082
[120,   300] loss: 0.095
[121,   100] loss: 0.086
[121,   200] loss: 0.081
[121,   300] loss: 0.088
[122,   100] loss: 0.078
[122,   200] loss: 0.085
[122,   300] loss: 0.091
[123,   100] loss: 0.079
[123,   200] loss: 0.080
[123,   300] loss: 0.086
[124,   100] loss: 0.085
[124,   200] loss: 0.092
[124,   300] loss: 0.081
[125,   100] loss: 0.083
[125,   200] loss: 0.079
[125,   300] loss: 0.079
[126,   100] loss: 0.088
[126,   200] loss: 0.087
[126,   300] loss: 0.080
[127,   100] loss: 0.083
[127,   200] loss: 0.086
[127,   300] loss: 0.082
[128,   100] loss: 0.084
[128,   200] loss: 0.083
[128,   300] loss: 0.086
[129,   100] loss: 0.078
[129,   200] loss: 0.086
[129,   300] loss: 0.080
[130,   100] loss: 0.078
[130,   200] loss: 0.077
[130,   300] loss: 0.085
[131,   100] loss: 0.082
[131,   200] loss: 0.085
[131,   300] loss: 0.076
[132,   100] loss: 0.088
[132,   200] loss: 0.070
[132,   300] loss: 0.077
[133,   100] loss: 0.075
[133,   200] loss: 0.084
[133,   300] loss: 0.079
[134,   100] loss: 0.080
[134,   200] loss: 0.075
[134,   300] loss: 0.076
[135,   100] loss: 0.075
[135,   200] loss: 0.075
[135,   300] loss: 0.082
[136,   100] loss: 0.078
[136,   200] loss: 0.078
[136,   300] loss: 0.078
[137,   100] loss: 0.084
[137,   200] loss: 0.077
[137,   300] loss: 0.072
[138,   100] loss: 0.073
[138,   200] loss: 0.071
[138,   300] loss: 0.076
[139,   100] loss: 0.071
[139,   200] loss: 0.071
[139,   300] loss: 0.078
[140,   100] loss: 0.077
[140,   200] loss: 0.066
[140,   300] loss: 0.076
[141,   100] loss: 0.071
[141,   200] loss: 0.071
[141,   300] loss: 0.077
[142,   100] loss: 0.066
[142,   200] loss: 0.073
[142,   300] loss: 0.072
[143,   100] loss: 0.074
[143,   200] loss: 0.068
[143,   300] loss: 0.070
[144,   100] loss: 0.075
[144,   200] loss: 0.065
[144,   300] loss: 0.069
[145,   100] loss: 0.073
[145,   200] loss: 0.070
[145,   300] loss: 0.068
[146,   100] loss: 0.073
[146,   200] loss: 0.066
[146,   300] loss: 0.071
[147,   100] loss: 0.078
[147,   200] loss: 0.075
[147,   300] loss: 0.075
[148,   100] loss: 0.074
[148,   200] loss: 0.061
[148,   300] loss: 0.078
[149,   100] loss: 0.063
[149,   200] loss: 0.078
[149,   300] loss: 0.070
[150,   100] loss: 0.073
[150,   200] loss: 0.061
[150,   300] loss: 0.064
[151,   100] loss: 0.076
[151,   200] loss: 0.068
[151,   300] loss: 0.069
[152,   100] loss: 0.075
[152,   200] loss: 0.069
[152,   300] loss: 0.071
[153,   100] loss: 0.072
[153,   200] loss: 0.073
[153,   300] loss: 0.072
[154,   100] loss: 0.068
[154,   200] loss: 0.067
[154,   300] loss: 0.071
[155,   100] loss: 0.065
[155,   200] loss: 0.063
[155,   300] loss: 0.071
[156,   100] loss: 0.070
[156,   200] loss: 0.068
[156,   300] loss: 0.071
[157,   100] loss: 0.066
[157,   200] loss: 0.064
[157,   300] loss: 0.063
[158,   100] loss: 0.068
[158,   200] loss: 0.065
[158,   300] loss: 0.065
[159,   100] loss: 0.067
[159,   200] loss: 0.067
[159,   300] loss: 0.064
[160,   100] loss: 0.066
[160,   200] loss: 0.067
[160,   300] loss: 0.070
[161,   100] loss: 0.066
[161,   200] loss: 0.063
[161,   300] loss: 0.072
[162,   100] loss: 0.066
[162,   200] loss: 0.067
[162,   300] loss: 0.065
[163,   100] loss: 0.059
[163,   200] loss: 0.069
[163,   300] loss: 0.066
[164,   100] loss: 0.067
[164,   200] loss: 0.059
[164,   300] loss: 0.065
[165,   100] loss: 0.058
[165,   200] loss: 0.055
[165,   300] loss: 0.061
[166,   100] loss: 0.060
[166,   200] loss: 0.065
[166,   300] loss: 0.068
[167,   100] loss: 0.067
[167,   200] loss: 0.064
[167,   300] loss: 0.061
[168,   100] loss: 0.060
[168,   200] loss: 0.058
[168,   300] loss: 0.062
[169,   100] loss: 0.064
[169,   200] loss: 0.070
[169,   300] loss: 0.061
[170,   100] loss: 0.062
[170,   200] loss: 0.063
[170,   300] loss: 0.064
[171,   100] loss: 0.058
[171,   200] loss: 0.065
[171,   300] loss: 0.065
[172,   100] loss: 0.065
[172,   200] loss: 0.064
[172,   300] loss: 0.057
[173,   100] loss: 0.064
[173,   200] loss: 0.058
[173,   300] loss: 0.062
[174,   100] loss: 0.065
[174,   200] loss: 0.056
[174,   300] loss: 0.061
[175,   100] loss: 0.066
[175,   200] loss: 0.062
[175,   300] loss: 0.062
[176,   100] loss: 0.058
[176,   200] loss: 0.061
[176,   300] loss: 0.063
[177,   100] loss: 0.054
[177,   200] loss: 0.067
[177,   300] loss: 0.058
[178,   100] loss: 0.057
[178,   200] loss: 0.057
[178,   300] loss: 0.060
[179,   100] loss: 0.057
[179,   200] loss: 0.056
[179,   300] loss: 0.060
[180,   100] loss: 0.053
[180,   200] loss: 0.065
[180,   300] loss: 0.058
[181,   100] loss: 0.063
[181,   200] loss: 0.057
[181,   300] loss: 0.056
[182,   100] loss: 0.059
[182,   200] loss: 0.056
[182,   300] loss: 0.054
[183,   100] loss: 0.057
[183,   200] loss: 0.063
[183,   300] loss: 0.059
[184,   100] loss: 0.056
[184,   200] loss: 0.058
[184,   300] loss: 0.061
[185,   100] loss: 0.052
[185,   200] loss: 0.057
[185,   300] loss: 0.054
[186,   100] loss: 0.056
[186,   200] loss: 0.057
[186,   300] loss: 0.060
[187,   100] loss: 0.058
[187,   200] loss: 0.057
[187,   300] loss: 0.057
[188,   100] loss: 0.051
[188,   200] loss: 0.056
[188,   300] loss: 0.060
[189,   100] loss: 0.051
[189,   200] loss: 0.055
[189,   300] loss: 0.062
[190,   100] loss: 0.060
[190,   200] loss: 0.058
[190,   300] loss: 0.056
[191,   100] loss: 0.055
[191,   200] loss: 0.060
[191,   300] loss: 0.055
[192,   100] loss: 0.049
[192,   200] loss: 0.060
[192,   300] loss: 0.059
[193,   100] loss: 0.053
[193,   200] loss: 0.047
[193,   300] loss: 0.055
[194,   100] loss: 0.050
[194,   200] loss: 0.062
[194,   300] loss: 0.054
[195,   100] loss: 0.062
[195,   200] loss: 0.054
[195,   300] loss: 0.056
[196,   100] loss: 0.050
[196,   200] loss: 0.057
[196,   300] loss: 0.052
[197,   100] loss: 0.053
[197,   200] loss: 0.052
[197,   300] loss: 0.054
[198,   100] loss: 0.053
[198,   200] loss: 0.054
[198,   300] loss: 0.052
[199,   100] loss: 0.056
[199,   200] loss: 0.064
[199,   300] loss: 0.050
[200,   100] loss: 0.056
[200,   200] loss: 0.049
[200,   300] loss: 0.057
Finished Training