[1,   100] loss: 3.639
[1,   200] loss: 3.494
[1,   300] loss: 3.479
[2,   100] loss: 3.431
[2,   200] loss: 3.344
[2,   300] loss: 3.153
[3,   100] loss: 2.951
[3,   200] loss: 2.731
[3,   300] loss: 2.569
[4,   100] loss: 2.415
[4,   200] loss: 2.300
[4,   300] loss: 2.188
[5,   100] loss: 2.081
[5,   200] loss: 2.014
[5,   300] loss: 1.938
[6,   100] loss: 1.857
[6,   200] loss: 1.776
[6,   300] loss: 1.713
[7,   100] loss: 1.648
[7,   200] loss: 1.586
[7,   300] loss: 1.523
[8,   100] loss: 1.475
[8,   200] loss: 1.410
[8,   300] loss: 1.364
[9,   100] loss: 1.285
[9,   200] loss: 1.256
[9,   300] loss: 1.198
[10,   100] loss: 1.152
[10,   200] loss: 1.103
[10,   300] loss: 1.074
[11,   100] loss: 1.030
[11,   200] loss: 1.005
[11,   300] loss: 0.969
[12,   100] loss: 0.933
[12,   200] loss: 0.929
[12,   300] loss: 0.885
[13,   100] loss: 0.859
[13,   200] loss: 0.855
[13,   300] loss: 0.807
[14,   100] loss: 0.807
[14,   200] loss: 0.783
[14,   300] loss: 0.791
[15,   100] loss: 0.752
[15,   200] loss: 0.731
[15,   300] loss: 0.722
[16,   100] loss: 0.689
[16,   200] loss: 0.669
[16,   300] loss: 0.687
[17,   100] loss: 0.660
[17,   200] loss: 0.647
[17,   300] loss: 0.612
[18,   100] loss: 0.605
[18,   200] loss: 0.612
[18,   300] loss: 0.576
[19,   100] loss: 0.554
[19,   200] loss: 0.570
[19,   300] loss: 0.547
[20,   100] loss: 0.523
[20,   200] loss: 0.501
[20,   300] loss: 0.494
[21,   100] loss: 0.481
[21,   200] loss: 0.494
[21,   300] loss: 0.475
[22,   100] loss: 0.459
[22,   200] loss: 0.448
[22,   300] loss: 0.453
[23,   100] loss: 0.436
[23,   200] loss: 0.422
[23,   300] loss: 0.430
[24,   100] loss: 0.428
[24,   200] loss: 0.423
[24,   300] loss: 0.406
[25,   100] loss: 0.415
[25,   200] loss: 0.398
[25,   300] loss: 0.401
[26,   100] loss: 0.394
[26,   200] loss: 0.382
[26,   300] loss: 0.387
[27,   100] loss: 0.369
[27,   200] loss: 0.358
[27,   300] loss: 0.386
[28,   100] loss: 0.376
[28,   200] loss: 0.350
[28,   300] loss: 0.331
[29,   100] loss: 0.350
[29,   200] loss: 0.345
[29,   300] loss: 0.341
[30,   100] loss: 0.353
[30,   200] loss: 0.322
[30,   300] loss: 0.333
[31,   100] loss: 0.317
[31,   200] loss: 0.325
[31,   300] loss: 0.341
[32,   100] loss: 0.310
[32,   200] loss: 0.322
[32,   300] loss: 0.308
[33,   100] loss: 0.307
[33,   200] loss: 0.310
[33,   300] loss: 0.303
[34,   100] loss: 0.302
[34,   200] loss: 0.282
[34,   300] loss: 0.292
[35,   100] loss: 0.297
[35,   200] loss: 0.269
[35,   300] loss: 0.290
[36,   100] loss: 0.294
[36,   200] loss: 0.280
[36,   300] loss: 0.280
[37,   100] loss: 0.272
[37,   200] loss: 0.281
[37,   300] loss: 0.251
[38,   100] loss: 0.258
[38,   200] loss: 0.264
[38,   300] loss: 0.252
[39,   100] loss: 0.260
[39,   200] loss: 0.249
[39,   300] loss: 0.244
[40,   100] loss: 0.228
[40,   200] loss: 0.256
[40,   300] loss: 0.257
[41,   100] loss: 0.234
[41,   200] loss: 0.257
[41,   300] loss: 0.259
[42,   100] loss: 0.251
[42,   200] loss: 0.239
[42,   300] loss: 0.241
[43,   100] loss: 0.228
[43,   200] loss: 0.233
[43,   300] loss: 0.235
[44,   100] loss: 0.238
[44,   200] loss: 0.215
[44,   300] loss: 0.229
[45,   100] loss: 0.219
[45,   200] loss: 0.222
[45,   300] loss: 0.212
[46,   100] loss: 0.209
[46,   200] loss: 0.213
[46,   300] loss: 0.215
[47,   100] loss: 0.211
[47,   200] loss: 0.202
[47,   300] loss: 0.210
[48,   100] loss: 0.201
[48,   200] loss: 0.212
[48,   300] loss: 0.225
[49,   100] loss: 0.195
[49,   200] loss: 0.212
[49,   300] loss: 0.207
[50,   100] loss: 0.203
[50,   200] loss: 0.200
[50,   300] loss: 0.199
[51,   100] loss: 0.179
[51,   200] loss: 0.193
[51,   300] loss: 0.207
[52,   100] loss: 0.192
[52,   200] loss: 0.193
[52,   300] loss: 0.195
[53,   100] loss: 0.187
[53,   200] loss: 0.190
[53,   300] loss: 0.178
[54,   100] loss: 0.180
[54,   200] loss: 0.186
[54,   300] loss: 0.186
[55,   100] loss: 0.195
[55,   200] loss: 0.179
[55,   300] loss: 0.173
[56,   100] loss: 0.177
[56,   200] loss: 0.173
[56,   300] loss: 0.189
[57,   100] loss: 0.171
[57,   200] loss: 0.167
[57,   300] loss: 0.186
[58,   100] loss: 0.177
[58,   200] loss: 0.170
[58,   300] loss: 0.171
[59,   100] loss: 0.170
[59,   200] loss: 0.173
[59,   300] loss: 0.178
[60,   100] loss: 0.181
[60,   200] loss: 0.165
[60,   300] loss: 0.165
[61,   100] loss: 0.154
[61,   200] loss: 0.178
[61,   300] loss: 0.166
[62,   100] loss: 0.155
[62,   200] loss: 0.164
[62,   300] loss: 0.150
[63,   100] loss: 0.166
[63,   200] loss: 0.154
[63,   300] loss: 0.154
[64,   100] loss: 0.160
[64,   200] loss: 0.157
[64,   300] loss: 0.164
[65,   100] loss: 0.163
[65,   200] loss: 0.145
[65,   300] loss: 0.154
[66,   100] loss: 0.157
[66,   200] loss: 0.147
[66,   300] loss: 0.146
[67,   100] loss: 0.157
[67,   200] loss: 0.136
[67,   300] loss: 0.143
[68,   100] loss: 0.156
[68,   200] loss: 0.145
[68,   300] loss: 0.155
[69,   100] loss: 0.149
[69,   200] loss: 0.142
[69,   300] loss: 0.139
[70,   100] loss: 0.141
[70,   200] loss: 0.145
[70,   300] loss: 0.143
[71,   100] loss: 0.143
[71,   200] loss: 0.129
[71,   300] loss: 0.137
[72,   100] loss: 0.136
[72,   200] loss: 0.135
[72,   300] loss: 0.149
[73,   100] loss: 0.131
[73,   200] loss: 0.152
[73,   300] loss: 0.136
[74,   100] loss: 0.137
[74,   200] loss: 0.134
[74,   300] loss: 0.138
[75,   100] loss: 0.116
[75,   200] loss: 0.128
[75,   300] loss: 0.137
[76,   100] loss: 0.123
[76,   200] loss: 0.122
[76,   300] loss: 0.126
[77,   100] loss: 0.135
[77,   200] loss: 0.135
[77,   300] loss: 0.140
[78,   100] loss: 0.128
[78,   200] loss: 0.133
[78,   300] loss: 0.135
[79,   100] loss: 0.125
[79,   200] loss: 0.134
[79,   300] loss: 0.124
[80,   100] loss: 0.120
[80,   200] loss: 0.116
[80,   300] loss: 0.126
[81,   100] loss: 0.124
[81,   200] loss: 0.122
[81,   300] loss: 0.119
[82,   100] loss: 0.121
[82,   200] loss: 0.119
[82,   300] loss: 0.130
[83,   100] loss: 0.123
[83,   200] loss: 0.126
[83,   300] loss: 0.115
[84,   100] loss: 0.113
[84,   200] loss: 0.114
[84,   300] loss: 0.122
[85,   100] loss: 0.119
[85,   200] loss: 0.119
[85,   300] loss: 0.118
[86,   100] loss: 0.113
[86,   200] loss: 0.113
[86,   300] loss: 0.113
[87,   100] loss: 0.110
[87,   200] loss: 0.106
[87,   300] loss: 0.117
[88,   100] loss: 0.120
[88,   200] loss: 0.113
[88,   300] loss: 0.115
[89,   100] loss: 0.110
[89,   200] loss: 0.108
[89,   300] loss: 0.112
[90,   100] loss: 0.116
[90,   200] loss: 0.118
[90,   300] loss: 0.115
[91,   100] loss: 0.110
[91,   200] loss: 0.111
[91,   300] loss: 0.112
[92,   100] loss: 0.107
[92,   200] loss: 0.112
[92,   300] loss: 0.120
[93,   100] loss: 0.115
[93,   200] loss: 0.117
[93,   300] loss: 0.098
[94,   100] loss: 0.105
[94,   200] loss: 0.115
[94,   300] loss: 0.112
[95,   100] loss: 0.107
[95,   200] loss: 0.108
[95,   300] loss: 0.102
[96,   100] loss: 0.116
[96,   200] loss: 0.095
[96,   300] loss: 0.100
[97,   100] loss: 0.103
[97,   200] loss: 0.114
[97,   300] loss: 0.108
[98,   100] loss: 0.100
[98,   200] loss: 0.097
[98,   300] loss: 0.109
[99,   100] loss: 0.099
[99,   200] loss: 0.107
[99,   300] loss: 0.111
[100,   100] loss: 0.106
[100,   200] loss: 0.108
[100,   300] loss: 0.095
[101,   100] loss: 0.102
[101,   200] loss: 0.105
[101,   300] loss: 0.097
[102,   100] loss: 0.101
[102,   200] loss: 0.093
[102,   300] loss: 0.085
[103,   100] loss: 0.091
[103,   200] loss: 0.105
[103,   300] loss: 0.103
[104,   100] loss: 0.097
[104,   200] loss: 0.104
[104,   300] loss: 0.104
[105,   100] loss: 0.103
[105,   200] loss: 0.097
[105,   300] loss: 0.099
[106,   100] loss: 0.095
[106,   200] loss: 0.093
[106,   300] loss: 0.093
[107,   100] loss: 0.092
[107,   200] loss: 0.098
[107,   300] loss: 0.097
[108,   100] loss: 0.095
[108,   200] loss: 0.094
[108,   300] loss: 0.095
[109,   100] loss: 0.094
[109,   200] loss: 0.095
[109,   300] loss: 0.092
[110,   100] loss: 0.090
[110,   200] loss: 0.089
[110,   300] loss: 0.098
[111,   100] loss: 0.095
[111,   200] loss: 0.086
[111,   300] loss: 0.090
[112,   100] loss: 0.088
[112,   200] loss: 0.093
[112,   300] loss: 0.095
[113,   100] loss: 0.081
[113,   200] loss: 0.092
[113,   300] loss: 0.097
[114,   100] loss: 0.089
[114,   200] loss: 0.098
[114,   300] loss: 0.090
[115,   100] loss: 0.086
[115,   200] loss: 0.082
[115,   300] loss: 0.093
[116,   100] loss: 0.096
[116,   200] loss: 0.089
[116,   300] loss: 0.088
[117,   100] loss: 0.083
[117,   200] loss: 0.078
[117,   300] loss: 0.098
[118,   100] loss: 0.092
[118,   200] loss: 0.090
[118,   300] loss: 0.089
[119,   100] loss: 0.076
[119,   200] loss: 0.086
[119,   300] loss: 0.083
[120,   100] loss: 0.083
[120,   200] loss: 0.084
[120,   300] loss: 0.089
[121,   100] loss: 0.092
[121,   200] loss: 0.085
[121,   300] loss: 0.091
[122,   100] loss: 0.086
[122,   200] loss: 0.079
[122,   300] loss: 0.083
[123,   100] loss: 0.087
[123,   200] loss: 0.086
[123,   300] loss: 0.092
[124,   100] loss: 0.073
[124,   200] loss: 0.078
[124,   300] loss: 0.081
[125,   100] loss: 0.090
[125,   200] loss: 0.084
[125,   300] loss: 0.081
[126,   100] loss: 0.089
[126,   200] loss: 0.084
[126,   300] loss: 0.081
[127,   100] loss: 0.082
[127,   200] loss: 0.078
[127,   300] loss: 0.083
[128,   100] loss: 0.073
[128,   200] loss: 0.078
[128,   300] loss: 0.078
[129,   100] loss: 0.070
[129,   200] loss: 0.077
[129,   300] loss: 0.084
[130,   100] loss: 0.078
[130,   200] loss: 0.092
[130,   300] loss: 0.081
[131,   100] loss: 0.078
[131,   200] loss: 0.078
[131,   300] loss: 0.074
[132,   100] loss: 0.077
[132,   200] loss: 0.085
[132,   300] loss: 0.080
[133,   100] loss: 0.072
[133,   200] loss: 0.084
[133,   300] loss: 0.081
[134,   100] loss: 0.079
[134,   200] loss: 0.081
[134,   300] loss: 0.077
[135,   100] loss: 0.071
[135,   200] loss: 0.078
[135,   300] loss: 0.084
[136,   100] loss: 0.076
[136,   200] loss: 0.078
[136,   300] loss: 0.073
[137,   100] loss: 0.076
[137,   200] loss: 0.071
[137,   300] loss: 0.077
[138,   100] loss: 0.069
[138,   200] loss: 0.082
[138,   300] loss: 0.070
[139,   100] loss: 0.073
[139,   200] loss: 0.078
[139,   300] loss: 0.068
[140,   100] loss: 0.073
[140,   200] loss: 0.080
[140,   300] loss: 0.073
[141,   100] loss: 0.074
[141,   200] loss: 0.074
[141,   300] loss: 0.075
[142,   100] loss: 0.075
[142,   200] loss: 0.072
[142,   300] loss: 0.073
[143,   100] loss: 0.085
[143,   200] loss: 0.073
[143,   300] loss: 0.075
[144,   100] loss: 0.075
[144,   200] loss: 0.068
[144,   300] loss: 0.079
[145,   100] loss: 0.077
[145,   200] loss: 0.078
[145,   300] loss: 0.070
[146,   100] loss: 0.070
[146,   200] loss: 0.074
[146,   300] loss: 0.077
[147,   100] loss: 0.070
[147,   200] loss: 0.071
[147,   300] loss: 0.074
[148,   100] loss: 0.076
[148,   200] loss: 0.068
[148,   300] loss: 0.066
[149,   100] loss: 0.071
[149,   200] loss: 0.071
[149,   300] loss: 0.064
[150,   100] loss: 0.072
[150,   200] loss: 0.072
[150,   300] loss: 0.070
[151,   100] loss: 0.075
[151,   200] loss: 0.073
[151,   300] loss: 0.068
[152,   100] loss: 0.065
[152,   200] loss: 0.066
[152,   300] loss: 0.070
[153,   100] loss: 0.073
[153,   200] loss: 0.069
[153,   300] loss: 0.068
[154,   100] loss: 0.069
[154,   200] loss: 0.066
[154,   300] loss: 0.077
[155,   100] loss: 0.064
[155,   200] loss: 0.067
[155,   300] loss: 0.070
[156,   100] loss: 0.072
[156,   200] loss: 0.069
[156,   300] loss: 0.070
[157,   100] loss: 0.061
[157,   200] loss: 0.063
[157,   300] loss: 0.068
[158,   100] loss: 0.072
[158,   200] loss: 0.062
[158,   300] loss: 0.073
[159,   100] loss: 0.066
[159,   200] loss: 0.058
[159,   300] loss: 0.069
[160,   100] loss: 0.067
[160,   200] loss: 0.066
[160,   300] loss: 0.061
[161,   100] loss: 0.068
[161,   200] loss: 0.063
[161,   300] loss: 0.069
[162,   100] loss: 0.070
[162,   200] loss: 0.073
[162,   300] loss: 0.067
[163,   100] loss: 0.065
[163,   200] loss: 0.069
[163,   300] loss: 0.067
[164,   100] loss: 0.062
[164,   200] loss: 0.065
[164,   300] loss: 0.070
[165,   100] loss: 0.064
[165,   200] loss: 0.069
[165,   300] loss: 0.065
[166,   100] loss: 0.069
[166,   200] loss: 0.062
[166,   300] loss: 0.067
[167,   100] loss: 0.068
[167,   200] loss: 0.061
[167,   300] loss: 0.074
[168,   100] loss: 0.064
[168,   200] loss: 0.063
[168,   300] loss: 0.061
[169,   100] loss: 0.063
[169,   200] loss: 0.064
[169,   300] loss: 0.064
[170,   100] loss: 0.062
[170,   200] loss: 0.054
[170,   300] loss: 0.067
[171,   100] loss: 0.063
[171,   200] loss: 0.071
[171,   300] loss: 0.063
[172,   100] loss: 0.063
[172,   200] loss: 0.061
[172,   300] loss: 0.064
[173,   100] loss: 0.070
[173,   200] loss: 0.060
[173,   300] loss: 0.069
[174,   100] loss: 0.066
[174,   200] loss: 0.065
[174,   300] loss: 0.065
[175,   100] loss: 0.060
[175,   200] loss: 0.068
[175,   300] loss: 0.057
[176,   100] loss: 0.063
[176,   200] loss: 0.059
[176,   300] loss: 0.056
[177,   100] loss: 0.063
[177,   200] loss: 0.062
[177,   300] loss: 0.061
[178,   100] loss: 0.060
[178,   200] loss: 0.065
[178,   300] loss: 0.060
[179,   100] loss: 0.060
[179,   200] loss: 0.064
[179,   300] loss: 0.063
[180,   100] loss: 0.063
[180,   200] loss: 0.054
[180,   300] loss: 0.059
[181,   100] loss: 0.059
[181,   200] loss: 0.056
[181,   300] loss: 0.062
[182,   100] loss: 0.056
[182,   200] loss: 0.058
[182,   300] loss: 0.060
[183,   100] loss: 0.060
[183,   200] loss: 0.059
[183,   300] loss: 0.060
[184,   100] loss: 0.057
[184,   200] loss: 0.062
[184,   300] loss: 0.062
[185,   100] loss: 0.051
[185,   200] loss: 0.061
[185,   300] loss: 0.065
[186,   100] loss: 0.062
[186,   200] loss: 0.056
[186,   300] loss: 0.057
[187,   100] loss: 0.063
[187,   200] loss: 0.062
[187,   300] loss: 0.057
[188,   100] loss: 0.051
[188,   200] loss: 0.055
[188,   300] loss: 0.058
[189,   100] loss: 0.058
[189,   200] loss: 0.051
[189,   300] loss: 0.064
[190,   100] loss: 0.055
[190,   200] loss: 0.060
[190,   300] loss: 0.056
[191,   100] loss: 0.058
[191,   200] loss: 0.054
[191,   300] loss: 0.059
[192,   100] loss: 0.060
[192,   200] loss: 0.053
[192,   300] loss: 0.044
[193,   100] loss: 0.056
[193,   200] loss: 0.058
[193,   300] loss: 0.060
[194,   100] loss: 0.057
[194,   200] loss: 0.056
[194,   300] loss: 0.051
[195,   100] loss: 0.053
[195,   200] loss: 0.053
[195,   300] loss: 0.057
[196,   100] loss: 0.056
[196,   200] loss: 0.056
[196,   300] loss: 0.048
[197,   100] loss: 0.055
[197,   200] loss: 0.056
[197,   300] loss: 0.055
[198,   100] loss: 0.056
[198,   200] loss: 0.051
[198,   300] loss: 0.050
[199,   100] loss: 0.054
[199,   200] loss: 0.053
[199,   300] loss: 0.054
[200,   100] loss: 0.059
[200,   200] loss: 0.060
[200,   300] loss: 0.055
Finished Training